8 2 18 6 19 14 1 7 17 2 14 19 9 16 19 17 2 19 5 7 8 7 2 12 8 10 19 7 10 9 0 8 15 1 15 15 3 15 7 10 3 2 16 16 2 0 15 16 10 13 10 17 9 17 10 7 3 19 5 8 
8 13 18 6 19 14 1 7 17 2 14 19 9 16 19 17 2 19 5 7 8 6 2 12 8 10 19 10 10 9 0 8 15 1 15 15 3 15 7 10 14 2 16 16 2 0 15 16 10 9 10 17 9 17 10 7 3 19 5 8 
8 2 18 6 19 14 1 7 13 2 14 19 5 16 19 17 2 19 5 7 8 7 2 12 8 10 19 10 10 9 0 8 15 1 15 15 3 15 7 10 3 2 16 16 2 0 15 6 10 9 10 17 9 17 10 10 3 4 5 8 
8 2 18 6 19 14 1 7 17 2 6 19 9 16 19 17 2 19 5 7 8 6 2 12 8 10 19 10 10 9 0 8 15 1 15 15 3 15 7 10 14 2 16 16 2 0 15 16 10 13 10 17 9 17 10 7 3 19 5 8 
8 2 18 6 19 14 1 7 17 2 14 19 9 16 19 17 2 19 5 7 8 5 2 12 8 10 19 10 10 7 0 8 15 1 15 15 3 15 7 10 14 2 16 16 2 0 15 16 10 13 10 17 9 17 10 7 3 1 5 8 
8 2 18 6 19 14 1 7 17 2 14 19 9 16 19 17 2 19 5 7 8 6 2 12 8 10 19 10 10 9 0 8 15 1 15 15 3 15 7 10 3 2 16 16 2 0 15 6 10 13 10 17 9 17 10 10 3 1 5 8 
8 2 18 8 19 14 1 7 19 2 14 19 9 16 19 17 2 19 5 7 8 6 2 12 8 10 19 10 10 9 0 8 15 1 15 15 3 15 7 10 3 2 16 16 2 0 15 6 10 13 10 17 9 17 10 10 3 1 5 8 
8 2 2 8 19 14 1 7 17 2 14 19 9 16 19 17 2 19 5 7 8 6 2 12 8 10 10 10 10 9 0 8 15 1 15 15 3 15 7 10 3 2 16 16 2 0 15 6 10 13 10 17 9 17 10 10 3 1 5 8 
8 2 18 8 19 14 1 7 17 2 14 19 9 16 19 17 2 19 5 7 10 6 2 12 8 10 19 10 10 9 0 17 15 1 15 15 3 15 7 10 3 1 16 16 2 0 15 6 10 13 10 17 9 17 10 10 10 1 5 8 
8 2 18 8 19 14 1 7 17 10 14 19 9 16 19 17 2 19 5 7 10 6 2 12 8 10 19 10 10 9 0 17 15 1 15 15 3 15 7 10 3 1 16 16 2 0 15 6 10 13 10 17 9 17 10 10 10 1 5 8 
8 11 18 8 19 14 1 7 6 2 14 19 9 16 19 17 2 19 5 7 8 6 2 12 8 10 16 10 10 9 11 4 15 1 15 15 3 7 7 10 3 14 8 16 2 0 15 5 10 13 10 17 9 17 10 10 10 1 5 8 
8 2 2 8 19 14 1 7 17 2 14 19 9 16 19 17 2 19 5 7 10 6 2 12 8 4 10 10 10 9 0 8 15 1 15 15 3 15 7 10 3 2 16 16 3 0 15 6 10 13 10 17 9 17 10 10 10 1 5 8 
17 2 18 8 3 14 1 7 17 10 14 19 9 16 19 17 4 19 5 7 8 6 2 12 8 10 16 10 10 9 0 8 15 1 15 15 3 15 7 10 3 1 8 16 2 0 15 5 10 13 10 17 9 17 10 10 10 1 5 8 
17 2 18 8 3 14 1 7 2 10 14 19 9 16 19 17 4 19 5 7 10 6 2 12 8 10 16 10 10 9 0 8 15 1 2 15 3 15 7 10 3 1 8 16 2 0 15 6 10 13 10 17 9 17 10 10 10 1 5 8 
6 2 18 8 3 14 1 7 17 10 14 19 9 16 19 17 2 19 5 7 10 6 2 12 8 10 16 10 10 9 0 8 15 1 15 15 3 15 7 10 3 1 8 16 2 0 15 6 10 13 10 17 9 17 10 10 10 1 5 8 
2 2 18 8 3 14 1 7 17 10 14 17 7 16 19 17 2 19 5 7 10 6 2 12 8 10 16 10 10 9 0 8 15 1 15 15 3 15 7 10 3 1 8 16 2 0 15 6 10 13 10 17 9 17 10 10 10 1 5 8 
2 2 18 8 3 14 1 7 17 10 14 19 7 16 19 17 2 19 5 7 10 6 2 12 8 10 16 10 10 9 0 8 15 1 15 15 3 15 7 10 3 1 8 16 2 0 15 6 10 13 10 17 9 17 10 10 10 1 5 8 
6 2 18 8 3 14 1 7 17 10 6 19 9 16 19 17 10 19 5 7 10 6 2 12 8 10 16 10 10 9 0 8 15 1 15 15 3 15 7 10 3 1 18 16 2 0 15 14 10 13 10 17 9 17 10 10 10 1 5 8 
17 9 18 8 3 14 1 7 17 10 14 19 9 16 19 17 4 19 5 7 10 6 2 12 8 10 16 10 10 7 0 8 15 1 15 15 3 15 7 10 3 1 8 16 2 0 15 6 10 13 10 17 9 17 10 10 10 1 5 8 
6 2 18 8 3 14 1 7 17 10 14 19 4 16 19 17 11 19 5 7 10 6 2 12 8 10 16 10 10 9 0 8 15 1 15 15 3 15 7 10 3 1 8 16 2 0 15 19 10 13 10 17 9 17 10 10 10 4 5 8 
17 6 18 8 3 14 1 7 17 10 14 19 6 16 19 17 11 19 5 7 10 6 2 12 8 10 16 10 10 7 0 8 15 1 15 15 3 15 7 10 3 1 8 16 2 0 15 6 10 13 10 17 9 17 10 10 10 10 5 8 
17 6 18 8 3 14 1 7 17 10 14 19 4 16 19 17 11 19 5 7 10 6 2 12 8 10 16 10 10 7 0 8 15 1 15 15 3 15 7 10 3 1 8 16 2 0 15 6 10 13 10 17 9 17 10 10 10 10 5 8 
17 6 18 8 3 14 1 7 17 10 14 19 4 16 19 17 11 19 5 7 10 6 2 12 8 10 16 10 10 7 0 8 15 1 15 15 3 8 7 10 3 1 15 16 2 0 15 6 10 13 10 17 9 17 10 10 10 10 5 8 
17 6 18 8 3 14 1 7 17 10 14 19 4 16 19 17 11 19 5 7 10 6 2 12 8 10 16 10 10 7 0 8 15 1 15 15 3 15 7 10 3 1 4 16 2 0 15 6 10 13 10 17 9 17 10 10 10 10 5 8 
17 6 18 8 3 14 1 7 17 10 14 19 4 16 19 17 11 19 5 7 10 6 2 12 8 10 16 10 10 7 0 8 15 1 15 15 3 15 7 10 3 1 4 16 2 0 15 8 10 13 10 17 9 17 10 10 10 10 5 8 
17 6 18 8 3 14 13 7 17 10 14 19 4 16 19 17 6 19 5 7 10 6 2 12 8 10 16 10 10 7 0 8 15 1 15 15 3 15 7 10 3 1 4 16 2 0 15 6 10 13 10 17 9 17 10 10 10 10 5 8 
17 10 18 8 3 14 13 7 17 10 14 19 4 16 19 17 6 19 5 7 10 6 2 12 8 10 16 10 10 7 0 8 15 1 15 15 3 15 7 10 3 1 4 16 2 0 15 6 10 13 10 17 9 17 10 0 10 10 5 8 
17 10 18 8 3 14 13 7 17 10 14 19 4 16 19 17 6 19 5 7 10 6 2 12 8 11 16 10 10 7 0 8 15 1 15 15 3 15 7 10 3 1 4 16 2 0 15 6 10 13 10 17 9 17 10 0 10 10 5 8 
17 10 18 8 3 14 13 7 17 10 10 19 4 16 19 17 6 19 5 7 10 6 2 12 8 11 16 10 10 7 0 8 15 1 15 15 3 15 7 10 3 1 4 16 2 0 15 14 10 13 10 17 9 17 10 0 10 10 5 8 
17 10 18 8 3 14 13 7 17 10 10 19 4 16 19 17 6 19 5 7 10 6 2 12 8 11 16 10 10 7 0 8 15 1 15 15 3 15 7 10 3 1 4 16 2 0 15 6 10 13 10 17 9 17 10 0 10 10 5 8 
6 10 18 8 3 14 13 7 17 10 10 19 4 16 19 17 6 19 5 7 10 6 2 12 8 11 16 10 10 7 0 8 15 1 15 15 3 15 7 10 3 1 4 16 2 0 15 1 10 13 10 17 9 17 10 0 10 10 5 8 
6 10 18 8 3 14 13 7 17 10 10 19 4 16 19 17 6 19 5 7 10 6 2 12 8 11 16 10 10 7 0 8 15 1 15 15 3 15 7 10 3 6 4 16 2 0 15 1 10 13 10 17 9 17 10 0 10 10 5 8 
6 10 18 8 3 14 13 7 17 10 10 19 4 16 19 17 6 19 5 7 10 2 2 12 8 11 16 10 10 7 0 8 15 1 15 15 3 15 7 10 3 6 4 16 2 0 15 1 10 13 10 17 9 17 10 0 10 10 5 8 
6 10 18 8 3 14 13 7 17 10 10 19 4 16 19 17 6 19 5 7 10 2 2 12 8 11 16 10 10 7 0 15 15 1 8 15 3 15 7 10 3 6 4 16 2 0 15 1 10 13 10 17 9 17 10 0 10 10 5 8 
6 10 18 8 3 14 13 7 17 10 10 19 4 16 19 17 6 19 5 7 10 15 2 12 8 11 16 10 10 7 0 15 15 1 8 15 3 15 7 10 3 6 4 16 2 0 15 1 10 13 10 17 9 17 10 0 10 10 5 8 
6 10 18 8 3 14 13 7 17 10 10 19 4 16 19 17 6 19 5 7 10 15 1 12 8 11 16 10 10 7 0 15 15 1 8 15 3 15 7 10 3 6 4 16 17 0 15 19 10 13 10 17 9 2 10 0 10 10 5 8 
6 10 18 8 3 14 13 7 17 10 10 19 4 16 19 17 6 19 5 7 10 15 1 12 8 11 16 10 10 7 0 15 15 1 8 15 3 15 7 10 3 6 4 16 17 0 15 5 10 13 10 17 9 2 10 0 10 10 5 8 
6 10 18 8 3 14 13 7 17 10 10 7 4 16 19 17 6 19 5 7 10 15 1 12 8 11 16 10 10 7 0 15 15 1 8 15 3 15 6 10 3 5 4 16 17 0 15 7 10 13 10 17 9 2 10 0 10 10 5 8 
6 10 18 8 3 14 13 7 17 10 10 19 4 16 19 17 6 19 5 7 10 15 1 12 8 11 16 10 10 7 0 15 15 1 8 15 3 15 6 10 3 17 4 16 17 0 15 7 10 13 10 17 9 2 10 0 10 10 5 8 
6 10 18 8 3 14 13 7 17 10 10 19 4 16 19 17 18 19 5 7 10 7 1 12 8 11 16 10 10 7 0 15 15 1 8 15 3 15 6 10 3 17 4 16 17 0 15 7 10 13 10 17 9 2 10 0 10 10 5 8 
6 10 18 8 3 14 13 7 17 10 10 19 4 16 19 17 6 19 5 7 10 15 1 12 8 7 16 10 10 7 0 15 15 1 8 15 3 15 6 10 3 17 4 16 17 0 15 7 10 13 10 17 9 2 10 0 10 10 5 8 
6 10 18 8 3 14 13 7 17 10 10 19 4 16 19 17 6 19 5 7 10 15 1 12 8 7 16 10 10 7 0 15 15 1 8 15 3 15 6 10 3 17 11 16 17 0 15 7 10 13 10 17 9 2 10 0 10 10 5 8 
6 10 18 8 3 14 13 7 17 10 10 19 4 16 19 17 17 19 5 7 10 15 1 12 8 7 16 10 10 7 0 15 15 1 8 15 3 15 6 10 3 17 11 16 17 0 15 7 10 13 10 17 9 2 10 0 10 10 5 8 
6 10 18 8 3 14 13 7 17 10 10 19 4 16 19 17 17 19 5 7 10 4 1 12 8 7 16 10 10 7 0 15 15 1 8 15 3 15 6 10 3 17 11 16 17 0 15 7 10 13 10 17 9 2 10 0 10 10 5 8 
6 10 18 8 3 14 13 7 15 10 10 19 4 16 19 17 17 19 5 7 10 4 1 12 8 7 16 10 10 7 0 15 15 1 8 15 3 15 6 10 3 17 11 16 17 0 15 7 10 13 10 17 9 2 10 0 10 10 5 8 
