18 15 13 0 12 9 16 12 5 12 13 18 2 11 5 9 0 13 9 5 16 9 12 1 9 8 6 14 1 19 4 3 18 15 4 17 2 1 7 17 2 15 8 16 1 13 15 9 15 10 18 9 6 3 1 4 2 18 8 8 
18 15 13 0 12 9 16 10 5 12 13 18 2 11 5 9 0 13 9 5 16 9 12 1 9 8 6 14 1 19 4 3 18 15 4 17 2 1 7 17 2 15 8 16 1 13 15 9 15 10 18 9 6 3 1 4 8 18 8 8 
18 15 13 0 12 9 16 17 5 12 13 18 2 11 5 9 0 13 9 5 16 9 12 1 0 8 6 14 1 19 4 3 18 15 4 16 2 1 7 17 2 15 8 16 1 13 15 9 15 10 18 9 6 3 1 4 8 18 8 8 
4 15 13 0 12 9 16 1 5 12 13 18 2 11 5 9 0 13 18 16 16 9 12 1 9 8 6 14 1 19 4 3 18 15 4 17 2 1 7 17 2 15 8 16 1 13 17 9 15 10 18 9 6 3 1 4 8 18 8 8 
18 15 13 0 12 8 16 10 5 12 13 18 2 11 5 9 0 13 9 5 16 9 12 1 9 8 0 14 1 19 4 3 18 15 4 17 2 1 7 17 2 15 8 16 1 13 16 9 15 10 18 9 6 3 1 4 8 18 8 8 
18 15 13 0 12 9 16 10 5 12 13 18 2 11 5 1 0 13 9 5 16 9 12 1 9 8 6 14 1 19 4 3 18 15 4 17 2 1 7 17 17 15 8 16 1 13 15 16 15 10 18 9 6 3 1 10 8 18 8 8 
18 15 13 0 12 9 16 12 5 12 13 18 2 11 5 1 0 13 9 5 16 9 12 1 9 8 6 14 1 19 4 3 18 15 4 17 2 1 7 17 2 15 8 16 1 13 15 9 15 10 16 9 6 3 1 4 8 17 8 8 
18 15 13 0 12 16 16 10 5 4 13 18 2 2 5 11 0 13 9 5 16 9 12 1 9 8 6 14 1 19 4 3 18 15 4 17 2 1 7 17 17 15 8 16 1 13 15 16 15 10 18 9 6 3 1 10 8 18 8 8 
18 15 13 0 12 9 16 12 5 12 12 18 2 11 5 9 0 13 9 5 9 9 12 1 9 4 6 14 1 19 4 3 18 15 4 17 2 1 7 17 2 15 8 16 1 13 15 16 15 10 16 9 0 3 1 10 8 17 8 8 
18 15 13 0 12 9 16 12 5 4 13 18 2 11 5 9 0 13 9 5 16 9 12 1 9 8 6 14 10 19 4 3 18 15 4 17 2 1 7 17 2 15 8 16 1 13 15 16 15 10 16 9 6 3 1 10 8 17 1 8 
8 15 13 0 12 9 16 12 5 4 13 18 2 2 5 9 0 13 9 5 16 9 12 1 9 8 6 14 1 19 4 3 18 15 4 17 2 1 7 17 17 15 8 16 1 13 15 16 15 10 16 9 6 3 1 10 8 17 1 8 
18 15 13 0 12 9 16 10 5 4 13 18 2 2 5 11 0 13 4 5 16 9 12 1 9 8 6 14 1 19 12 3 18 15 4 17 2 1 7 17 17 15 8 16 1 17 15 16 15 10 16 9 6 3 1 10 8 17 1 8 
8 15 13 0 12 9 16 12 16 4 13 18 13 2 5 1 0 13 9 5 3 9 12 1 9 8 6 14 1 19 4 3 18 15 4 17 2 1 7 17 17 15 8 16 1 13 15 16 15 10 16 9 6 3 1 10 8 17 1 8 
8 15 13 0 12 9 16 12 16 4 13 18 2 2 5 11 0 13 4 5 16 9 12 1 9 8 6 14 1 19 12 3 18 15 4 17 2 1 7 17 17 15 8 16 1 13 15 16 15 10 16 9 3 11 1 10 8 1 1 17 
18 15 13 0 12 0 16 12 5 4 13 18 2 11 19 1 0 13 9 5 16 9 12 1 9 8 10 14 1 13 12 3 18 15 4 17 2 1 7 17 2 15 8 16 1 17 15 16 15 2 16 9 6 3 1 10 8 17 8 8 
18 15 13 0 12 9 16 12 5 4 13 18 7 2 5 11 0 13 9 5 16 9 12 1 0 8 10 14 1 15 4 3 18 15 4 17 2 1 7 17 17 15 8 16 1 13 1 16 15 3 16 9 6 3 1 10 8 17 1 8 
8 15 13 0 12 9 16 12 5 4 13 18 2 2 5 1 0 13 17 5 16 9 12 1 9 8 10 14 1 19 4 3 18 15 4 17 2 1 7 17 17 15 6 17 1 13 15 16 15 10 16 4 3 11 17 10 16 17 1 8 
8 15 13 0 12 9 16 12 5 4 13 18 2 2 5 1 0 13 17 5 16 10 12 1 9 8 6 14 1 19 4 8 18 15 4 17 2 4 7 17 17 15 6 16 1 13 15 16 15 10 16 1 3 3 1 10 8 17 1 8 
8 15 13 0 12 9 16 12 5 4 13 18 2 2 5 1 0 13 9 5 16 9 12 1 9 8 10 14 1 19 4 8 18 15 4 17 2 4 7 17 17 15 6 16 1 13 15 16 15 10 16 1 3 3 17 10 8 17 1 17 
8 15 13 0 12 9 16 12 5 4 13 18 2 2 5 1 0 13 17 5 16 9 12 1 9 8 10 14 1 19 4 3 18 15 4 17 2 1 7 17 17 15 6 16 1 13 15 16 15 10 16 4 3 11 1 10 8 0 1 17 
8 15 13 0 12 9 16 12 5 4 13 6 2 2 19 1 0 13 17 5 16 9 12 1 9 8 10 14 1 19 4 3 18 15 4 17 2 1 7 17 17 15 16 2 1 13 15 16 15 10 16 4 3 11 1 10 8 0 1 17 
8 15 13 0 12 9 16 12 5 4 13 6 2 2 5 1 0 13 17 5 16 9 12 1 9 8 10 14 1 19 4 3 18 15 4 17 2 1 7 17 17 15 6 2 1 13 15 16 15 10 16 4 3 15 10 10 13 0 1 17 
8 15 13 0 12 9 16 12 5 4 13 6 2 2 5 1 0 13 17 5 16 9 12 1 9 8 10 14 1 19 4 3 18 15 4 17 2 1 7 17 17 15 6 2 1 13 15 16 15 10 16 4 3 11 15 10 13 0 1 17 
8 15 13 0 12 9 16 12 5 4 13 6 2 2 5 1 0 13 17 5 16 9 12 1 9 8 10 14 1 19 4 3 18 15 4 17 2 1 7 17 17 15 11 2 1 13 15 16 15 10 16 4 3 11 15 10 13 0 1 17 
8 15 13 0 12 9 16 12 5 4 13 6 2 2 5 1 0 13 17 5 16 9 12 1 9 8 10 14 1 19 4 3 18 15 4 17 2 1 7 17 17 15 11 2 1 13 15 16 15 10 16 4 3 15 10 10 13 0 1 17 
8 15 13 0 12 9 16 12 5 4 13 6 2 2 5 1 0 13 17 5 16 2 12 1 9 8 10 14 1 19 4 3 18 15 4 17 2 1 7 17 17 15 11 7 1 13 15 16 15 10 16 4 3 15 10 10 13 0 1 17 
8 15 13 0 12 9 16 12 5 8 13 6 2 2 5 1 4 13 17 5 16 2 12 1 9 8 10 14 1 19 4 3 18 15 4 17 2 1 7 17 17 15 11 7 1 13 15 16 15 10 16 4 3 15 10 10 13 0 1 17 
0 15 13 0 12 9 16 12 5 8 13 6 2 2 5 1 4 13 17 5 16 2 12 1 9 8 10 14 1 19 4 3 18 15 4 17 2 1 7 17 17 15 11 7 1 13 15 16 15 10 16 4 3 15 10 10 13 0 1 17 
0 15 13 0 12 9 16 12 5 8 13 6 2 2 5 1 4 13 17 5 16 2 12 1 4 8 10 14 1 19 4 3 18 15 4 17 2 1 7 17 17 15 11 7 1 13 15 16 15 10 16 4 3 15 10 10 13 0 1 17 
0 15 13 0 12 9 16 12 5 8 13 6 2 2 5 1 4 13 17 5 16 2 12 1 4 8 1 14 1 19 4 3 18 15 4 17 2 1 7 17 17 15 11 7 1 13 15 16 15 10 16 4 3 15 10 10 13 0 10 17 
0 15 13 0 12 9 16 12 5 8 13 6 2 2 5 1 4 13 17 5 16 2 12 1 4 8 1 14 1 19 4 3 18 15 4 17 2 1 7 17 17 15 11 7 1 13 15 16 15 10 16 4 3 1 10 10 13 0 10 17 
