4
250
15 484 402 834 815 351 350 831 597
0 644 339 172 656 127 51 19 165
8 104 637 295 235 26 107 87 26
19 594 360 322 599 318 204 296 312
11 91 41 170 126 24 6 34 14
13 140 90 42 40 93 51 23 23
5 721 855 570 779 553 765 525 615
22 92 132 48 95 77 85 31 91
19 186 176 74 89 9 28 5 19
21 129 104 42 135 25 28 3 27
0 291 424 446 640 22 111 27 172
3 79 39 122 114 64 30 85 101
12 96 143 174 175 59 125 117 119
2 152 173 168 172 125 144 115 141
10 683 699 168 587 86 96 35 62
9 1118 819 513 815 745 532 260 793
16 747 362 637 365 218 99 176 64
24 88 49 149 123 17 13 32 19
16 109 169 100 44 31 38 18 3
3 489 483 304 257 63 43 31 29
20 42 93 187 161 12 21 15 33
9 62 125 91 118 50 85 78 72
13 65 50 58 150 34 43 54 84
2 150 322 306 300 22 77 48 68
8 139 54 131 104 39 7 9 17
1 1009 877 607 624 62 229 64 112
15 220 405 494 110 33 114 145 8
19 644 432 174 419 374 253 156 342
9 287 129 507 253 31 34 44 50
7 96 106 193 199 6 20 50 55
14 746 217 989 1124 397 149 925 743
0 565 114 112 510 327 91 60 338
3 345 275 254 595 62 27 70 102
5 682 339 144 369 124 86 33 51
8 116 78 201 109 21 9 39 18
7 233 323 909 945 22 85 166 226
6 268 226 338 264 174 140 271 251
24 233 119 326 593 198 114 199 474
17 83 42 169 203 56 29 95 193
6 370 610 544 618 23 123 110 88
20 255 264 637 198 59 43 34 28
24 448 618 534 284 130 94 38 22
23 199 51 48 203 43 10 11 11
0 55 190 84 123 53 95 63 114
1 486 191 413 499 95 20 80 97
17 637 910 479 380 57 85 45 75
23 140 103 198 209 14 24 57 57
17 252 665 238 199 56 119 60 56
20 130 108 74 164 33 25 21 47
16 865 928 977 731 617 774 778 607
7 510 521 676 510 379 510 365 423
16 97 181 165 175 65 93 123 100
9 565 311 397 632 396 299 375 372
1 145 36 39 108 37 8 9 14
1 204 40 95 149 166 23 55 102
10 519 348 109 386 105 78 15 27
17 361 692 460 599 106 86 50 142
1 428 458 449 256 36 40 24 50
5 234 302 283 299 232 285 193 200
24 596 237 467 1043 537 124 252 732
6 791 934 743 736 415 580 391 436
9 660 340 671 499 385 317 656 488
2 309 502 167 583 202 428 132 540
16 578 268 650 224 131 79 118 21
12 204 384 477 567 114 354 443 500
17 832 483 214 1118 505 391 174 774
15 234 419 300 435 164 213 203 370
9 467 591 666 583 101 120 197 139
22 665 679 458 606 663 375 300 575
10 99 142 126 105 28 32 28 26
11 159 96 61 203 25 22 3 32
20 272 678 223 312 255 572 116 292
4 1029 170 288 280 171 48 62 57
22 33 128 76 194 30 66 56 147
10 132 435 119 249 39 119 24 69
8 457 437 560 608 352 278 306 583
14 73 158 189 152 45 90 100 133
5 573 587 115 638 516 380 78 609
21 206 31 118 43 103 21 89 41
18 190 143 153 74 13 31 34 18
18 997 180 1169 1039 157 18 294 112
6 536 153 450 282 294 139 329 151
12 448 213 124 307 388 131 117 197
3 971 352 282 873 936 191 266 726
10 445 1027 227 193 272 878 147 161
6 414 421 482 648 89 29 28 61
4 181 223 677 257 15 35 161 66
19 341 422 284 240 320 264 224 151
7 326 225 1171 1091 245 189 625 957
15 114 196 131 71 107 151 78 42
21 252 728 619 494 59 81 146 104
8 418 659 273 382 48 140 20 59
4 55 177 145 165 11 22 38 11
12 199 120 109 150 23 11 27 34
22 375 207 583 539 34 21 149 40
11 127 67 54 96 12 19 11 18
22 40 142 156 150 35 78 84 101
14 112 126 204 201 7 22 45 46
13 326 492 293 203 305 437 262 145
3 1138 212 559 665 777 143 527 361
4 730 741 204 1098 45 153 40 175
18 190 122 549 558 175 108 405 412
3 1040 388 942 353 532 241 928 218
12 109 163 669 638 98 153 573 494
2 535 479 241 549 313 441 186 334
15 54 169 140 70 6 44 14 10
19 47 79 145 195 9 20 21 17
10 550 646 153 295 134 183 40 59
8 78 195 159 95 18 48 39 24
11 274 132 305 186 28 16 73 28
16 951 402 1123 409 163 82 320 95
9 681 960 316 700 197 208 26 94
14 369 540 399 375 205 518 394 330
22 94 55 181 175 91 36 173 141
22 633 276 453 685 499 212 348 511
21 446 328 612 284 352 244 533 251
23 83 76 50 45 51 60 36 31
4 503 346 690 637 89 66 69 106
20 443 1097 547 1000 45 175 136 57
24 185 53 156 63 172 44 116 34
12 830 1059 856 467 724 640 713 446
2 50 120 169 44 5 24 21 4
4 1033 510 281 651 266 116 60 66
13 146 132 151 83 118 101 104 57
1 49 195 104 148 44 163 59 89
13 307 576 100 141 299 369 56 101
6 67 73 121 107 10 20 24 25
21 195 388 140 226 114 384 77 188
15 43 185 189 187 9 42 45 55
8 1094 670 913 348 778 587 578 253
15 497 368 408 493 288 286 287 461
8 909 301 485 474 580 276 392 416
6 632 377 202 508 495 209 159 362
24 675 406 665 671 421 266 633 405
11 723 641 396 1011 65 102 94 227
18 509 245 519 284 107 53 63 28
18 142 62 112 97 132 53 99 74
18 98 48 107 44 29 11 17 9
21 73 59 89 188 20 5 19 50
23 918 181 978 584 81 9 68 36
5 610 144 473 217 307 121 340 119
13 32 184 130 116 8 35 28 8
9 243 568 149 377 62 83 28 88
23 164 91 143 63 124 59 127 59
22 355 262 313 377 325 139 303 232
1 580 284 625 443 493 205 405 318
19 174 77 170 184 8 20 15 11
17 120 42 121 31 82 22 112 17
20 618 377 669 281 109 107 144 19
5 612 660 464 517 161 157 99 83
11 325 319 688 565 164 200 563 511
18 322 496 628 484 231 275 330 460
14 63 35 141 73 3 8 41 13
24 590 799 184 1181 134 226 41 247
20 505 661 458 165 504 480 423 119
12 113 45 63 90 13 10 16 19
18 118 163 676 440 12 36 86 54
7 684 148 234 354 162 44 60 33
21 85 108 91 63 16 31 8 13
2 419 519 920 569 105 56 207 47
5 1134 466 1172 993 920 463 892 799
23 1137 1146 769 378 630 1063 570 308
20 99 85 33 196 27 9 5 29
18 512 193 762 902 493 162 694 481
16 100 570 646 662 59 470 634 391
0 424 274 643 484 343 164 374 388
8 123 397 389 264 17 22 93 64
0 153 174 81 60 78 118 44 46
23 160 111 189 83 134 97 110 57
1 498 287 573 255 78 26 158 49
23 152 113 68 53 36 31 5 7
10 236 834 909 349 28 109 85 22
20 155 479 356 228 142 337 185 153
10 58 79 85 55 15 18 5 6
4 65 209 189 147 40 186 177 141
4 368 547 529 564 105 77 137 62
14 878 780 813 756 81 76 171 194
7 513 655 455 439 325 605 438 276
3 433 340 353 415 104 83 48 40
7 129 174 207 66 92 97 120 34
16 424 233 577 297 402 198 457 165
22 272 136 342 380 66 29 80 84
24 63 34 114 100 35 20 112 55
16 764 767 400 278 125 189 23 30
14 189 160 100 31 171 93 96 18
17 826 262 1097 813 535 230 562 541
2 420 473 474 600 61 94 101 98
1 205 188 90 180 114 173 62 96
24 107 103 33 205 86 102 22 150
14 623 275 525 280 79 69 51 45
6 363 550 123 151 284 336 95 142
2 534 107 451 335 45 15 27 98
7 132 198 82 186 66 126 45 117
5 165 168 196 150 109 112 171 98
3 517 238 403 358 258 231 367 252
8 162 113 129 107 47 25 12 11
11 185 649 365 290 44 123 54 45
2 217 744 829 853 44 46 175 198
15 1109 928 791 1051 860 811 438 742
19 678 814 886 279 437 439 634 256
0 564 540 563 331 36 31 80 32
10 193 139 76 143 20 25 9 42
5 65 169 205 85 41 123 128 59
11 456 234 452 844 26 21 97 136
6 326 642 612 613 78 166 51 35
10 31 121 72 160 21 117 45 126
11 62 107 67 200 17 16 11 38
17 1120 1104 901 513 1017 1035 620 268
0 475 553 106 375 100 78 14 81
13 373 130 597 355 82 12 132 22
21 86 66 137 197 12 12 12 55
15 583 530 290 904 130 38 62 238
0 39 33 89 148 1 5 5 19
14 103 120 146 203 23 23 18 18
14 496 245 308 458 371 140 186 457
19 127 636 391 422 114 551 285 236
20 115 130 42 129 68 123 38 109
13 135 144 127 108 91 120 111 54
12 231 503 467 122 175 492 399 101
1 918 684 432 917 186 47 37 248
15 503 497 262 417 28 61 25 38
3 1061 270 551 266 880 259 445 263
4 50 79 89 118 12 18 18 8
17 194 485 659 1168 168 350 610 813
23 670 304 681 293 128 65 93 20
24 148 158 63 137 130 148 43 125
9 214 228 637 632 45 41 92 71
13 118 103 72 177 9 15 14 16
3 1153 606 539 1017 165 176 64 183
12 627 822 183 1143 610 591 151 1018
23 412 653 189 1120 120 79 17 103
11 145 64 109 86 121 62 67 61
17 367 525 129 651 242 281 97 418
19 1046 277 333 768 272 44 17 210
0 203 103 203 126 124 54 181 87
7 176 191 185 96 52 17 20 23
22 1039 186 607 214 72 36 34 57
6 321 855 1107 356 175 615 814 295
21 1116 893 990 551 632 581 539 326
7 593 125 308 117 159 25 92 15
19 149 178 52 45 96 129 46 33
2 196 115 199 200 132 99 179 189
16 450 918 773 989 61 76 150 240
5 49 80 112 108 13 23 23 9
12 47 40 102 79 4 7 23 19
21 190 35 70 127 140 30 55 97
9 973 377 981 381 793 216 543 199
18 734 307 708 986 156 57 99 130
13 69 136 96 113 48 98 48 108
4 1144 612 530 320 725 516 282 181
80
1
7
8
4
8
8
6
1
7
8
2
3
7
8
3
7
6
9
5
1
8
1
5
8
2
2
1
1
1
1
1
1
1
1
1
1
1
1
1
1
1
1
1
1
1
1
1
1
1
1
1
1
1
1
1
1
1
1
1
1
1
1
1
1
1
1
1
1
1
1
1
1
1
1
1
1
1
1
1
1
800
46 34 46 96 85 3
70 148 164 152 118 14
69 110 143 91 161 12
76 52 68 93 87 2
22 18 10 11 15 3
47 74 51 58 51 4
39 26 11 23 26 3
69 53 65 32 70 3
79 21 21 16 14 4
16 20 16 27 13 3
42 24 29 23 11 3
57 146 114 59 77 14
56 28 13 16 11 4
10 76 50 95 49 4
15 36 96 44 50 3
58 69 56 46 95 4
56 87 49 41 36 4
19 57 33 74 64 2
7 67 83 50 71 3
72 87 49 64 41 3
21 25 21 10 24 4
34 81 72 37 80 4
58 47 90 71 56 3
62 42 76 80 34 3
1 84 103 133 92 11
48 17 16 16 15 2
61 23 20 10 24 4
13 148 59 110 130 9
11 93 82 87 32 4
51 27 25 28 25 3
11 62 56 69 35 3
69 11 25 11 17 3
16 26 17 14 16 2
23 68 47 50 72 2
26 15 29 10 22 2
51 23 14 21 21 4
38 84 132 87 121 12
65 81 81 74 87 3
38 150 115 123 94 14
54 29 13 10 10 3
65 70 72 64 44 4
52 25 23 20 12 4
2 11 14 15 23 4
47 55 97 45 58 2
61 13 23 23 19 3
3 43 72 54 89 3
52 45 53 74 65 3
19 59 47 59 79 4
14 78 44 68 36 3
2 154 131 141 102 9
66 35 94 74 90 3
9 17 19 23 16 4
44 20 11 23 12 4
43 159 75 143 106 10
4 46 49 83 90 4
5 20 12 27 23 4
63 89 72 93 42 3
10 49 97 69 35 2
27 72 60 75 46 3
20 39 89 97 75 3
49 53 85 78 83 3
26 71 54 49 85 4
48 60 90 62 96 4
62 147 78 83 84 14
68 21 27 14 12 4
40 87 69 66 37 3
68 88 63 88 77 3
51 64 34 33 84 4
47 66 161 113 150 8
13 76 52 94 56 4
79 113 96 161 74 5
65 72 64 132 158 10
30 133 81 165 164 14
65 13 15 26 27 3
63 66 49 72 50 4
44 36 44 48 94 4
64 83 93 73 54 4
41 72 60 40 92 3
64 82 97 59 91 3
22 89 78 47 58 4
70 73 82 88 47 3
73 49 86 84 82 4
52 20 11 20 18 2
2 90 37 34 86 3
22 37 86 44 67 3
64 49 43 57 33 4
58 149 117 77 138 11
73 20 29 12 21 2
13 87 68 90 46 4
0 11 23 16 24 3
48 86 75 94 68 3
2 84 73 82 41 3
22 46 75 75 65 3
23 21 11 20 15 4
28 15 9 15 11 3
44 62 66 83 92 2
79 82 52 70 95 3
20 11 13 14 13 4
21 15 15 18 25 4
21 26 10 16 26 2
12 66 46 66 59 4
52 17 17 17 10 4
24 55 71 84 85 2
21 150 139 58 108 14
33 80 80 46 53 3
45 58 95 66 78 3
62 55 140 132 68 7
38 114 94 107 154 7
52 71 53 57 38 3
60 124 72 79 165 10
59 72 74 86 87 3
22 59 123 92 142 7
6 44 74 55 96 3
32 25 15 24 15 2
13 24 27 26 28 4
64 15 28 19 21 4
8 160 140 76 160 11
30 140 61 104 81 13
14 55 60 68 86 2
65 50 53 43 43 4
46 152 133 133 92 12
75 109 137 90 138 13
50 78 52 72 73 3
8 51 84 59 78 3
16 84 55 40 32 4
53 94 79 60 73 3
53 37 94 94 35 3
71 15 28 13 13 4
72 37 47 79 37 3
39 135 64 147 91 6
29 10 21 15 15 2
15 15 23 20 13 2
8 36 75 43 58 4
20 88 80 36 56 3
11 67 81 70 44 3
50 37 37 76 62 4
42 22 23 19 17 4
64 35 43 91 73 4
42 15 23 23 13 2
36 72 87 59 43 4
23 86 73 92 88 3
27 55 136 78 86 12
14 66 71 71 41 4
42 137 95 123 130 14
61 26 16 27 26 3
12 15 13 24 11 3
39 34 50 38 60 3
58 88 138 61 92 13
77 162 148 126 67 9
78 46 69 89 48 3
24 38 33 62 50 4
29 81 67 60 84 12
58 38 75 40 67 2
72 19 10 27 17 2
69 64 35 57 67 3
41 17 17 10 26 3
59 18 16 26 24 4
30 27 12 13 22 4
45 38 40 62 53 4
48 82 32 49 42 3
50 91 96 37 82 3
32 58 33 39 56 4
46 66 77 66 80 4
8 94 70 66 32 3
14 72 56 32 81 3
20 155 111 120 145 5
74 93 85 86 70 4
45 16 22 23 10 4
0 67 107 161 126 5
73 104 84 63 115 6
47 18 26 17 16 3
29 57 50 50 58 3
58 72 90 92 87 4
54 108 85 77 154 12
65 50 73 97 51 2
2 83 78 41 62 3
46 71 76 52 66 4
44 49 58 90 72 4
12 157 56 79 130 12
57 75 93 86 83 4
44 20 21 12 10 2
9 47 65 78 67 2
30 143 129 92 70 7
33 44 56 53 90 3
34 71 43 58 63 4
3 133 65 58 103 14
37 44 71 77 52 2
35 20 23 21 16 4
20 13 11 15 11 3
6 26 22 20 18 2
40 17 17 19 16 3
11 129 161 155 142 10
31 94 67 64 91 3
11 23 11 16 28 2
69 131 96 91 84 11
7 50 56 93 86 4
6 38 69 92 72 4
24 26 28 17 21 4
77 106 97 69 55 7
14 22 24 23 29 3
9 37 89 63 84 3
7 89 54 73 57 4
60 68 35 88 82 3
6 52 93 73 94 3
64 74 71 38 90 3
17 72 91 92 67 2
42 10 28 19 12 2
69 56 87 57 41 2
22 20 16 27 10 4
1 86 84 46 55 2
7 40 78 42 95 2
31 12 25 11 24 4
66 21 13 26 12 2
18 27 9 14 19 2
5 90 73 66 45 4
46 44 64 50 91 3
40 14 22 16 27 3
25 74 65 52 36 3
60 16 18 19 29 3
60 85 61 33 95 4
46 77 77 81 38 2
8 55 60 34 81 2
10 11 26 10 21 4
45 25 19 23 14 3
5 58 136 155 153 12
56 34 47 69 38 3
32 44 54 48 85 2
55 85 54 92 85 2
34 55 58 40 87 4
73 96 45 88 73 3
52 65 40 57 69 3
50 128 60 83 58 9
72 150 89 158 162 14
21 27 11 11 21 2
31 97 61 64 78 4
15 76 61 52 50 4
27 47 37 75 60 2
14 97 88 33 54 3
54 88 58 66 74 3
45 89 79 76 69 2
21 95 74 47 59 2
66 21 18 14 17 3
19 68 89 47 35 4
4 96 82 71 75 9
13 110 117 122 76 13
5 69 92 63 35 3
4 14 12 21 12 3
4 145 154 104 60 14
45 82 84 81 79 4
0 73 101 113 154 5
75 60 86 70 90 4
63 26 26 26 18 3
18 13 11 15 20 4
55 17 16 15 17 4
34 90 120 82 58 8
41 149 139 105 152 5
32 14 22 16 25 2
35 72 48 87 52 2
35 71 96 90 82 4
39 56 93 48 66 4
22 17 21 16 25 3
3 71 46 76 38 3
48 26 18 14 18 4
70 57 71 118 108 14
13 45 92 78 46 4
39 39 33 57 86 3
46 21 11 17 14 4
70 53 73 72 59 4
79 107 74 73 119 12
8 24 26 20 10 3
73 24 11 19 28 2
57 24 21 26 26 4
43 75 75 49 60 3
65 38 40 55 91 4
54 25 16 11 16 4
50 13 13 21 19 4
71 55 37 42 92 2
31 22 18 22 21 4
19 10 23 28 10 3
21 79 91 58 45 3
42 63 96 58 145 9
40 52 55 47 58 2
18 40 89 76 45 4
39 63 60 96 75 3
29 29 16 20 14 3
7 41 91 89 41 2
53 91 81 71 88 4
78 56 53 86 49 4
37 16 18 28 26 4
58 92 87 43 70 4
56 91 66 95 84 3
7 57 67 76 92 4
48 21 22 16 20 2
35 28 13 26 25 3
69 23 17 27 21 3
64 38 90 52 43 2
70 24 12 17 13 4
28 9 28 23 28 4
36 17 26 24 20 3
40 66 80 79 86 4
39 80 42 64 65 4
24 40 77 97 53 2
59 75 88 41 87 3
51 147 145 91 69 5
53 50 63 69 68 3
10 27 10 26 25 3
56 23 28 25 21 2
65 38 83 83 53 4
45 74 34 89 76 4
29 75 70 74 97 5
55 11 24 26 25 4
58 59 86 78 94 4
51 25 18 10 22 2
57 15 16 23 18 2
55 69 68 91 134 8
9 76 64 86 90 2
56 28 27 23 17 3
32 19 18 10 20 3
54 26 10 17 18 3
13 46 85 76 67 3
37 59 34 73 89 4
40 50 34 55 88 3
38 95 66 96 55 8
24 119 123 123 124 8
17 132 84 115 161 11
0 26 11 19 9 3
66 93 89 34 62 2
45 139 74 143 122 5
14 88 67 91 47 2
43 44 81 56 56 4
59 85 104 122 97 10
47 73 143 94 102 9
38 58 89 42 37 2
6 70 40 36 66 3
53 80 74 95 38 2
44 73 95 44 60 2
9 79 150 163 95 14
75 133 154 153 165 13
29 58 58 95 58 3
38 159 96 120 73 9
52 90 84 68 52 3
64 35 33 82 69 3
6 157 92 73 78 5
79 14 18 15 15 3
25 37 76 43 71 3
18 95 44 96 43 2
69 40 47 76 94 4
62 11 17 16 23 4
66 64 90 41 67 3
42 98 122 68 90 12
67 86 48 58 69 2
20 11 20 14 28 2
76 76 73 70 64 2
51 126 140 86 134 5
59 17 19 23 14 3
18 81 36 92 60 4
40 91 140 64 95 10
41 39 53 50 76 3
12 75 37 95 96 2
30 23 28 17 16 3
60 15 21 20 17 4
62 80 38 56 47 2
4 75 126 55 115 14
12 46 49 78 91 2
61 83 46 83 76 2
66 26 28 14 17 3
61 42 55 43 63 4
77 13 10 23 29 4
47 70 94 52 93 3
54 66 75 157 104 8
18 14 16 21 13 4
18 33 52 57 76 2
32 24 28 18 17 3
68 157 163 143 91 5
57 27 12 11 10 4
48 84 58 87 82 3
27 138 64 146 66 7
74 38 39 65 37 3
11 92 91 72 57 3
76 62 80 36 88 3
17 59 73 95 44 4
41 37 45 86 89 4
71 22 12 23 24 3
11 17 18 23 26 3
54 72 92 51 33 4
59 85 90 55 47 4
16 95 76 95 78 4
76 161 138 56 159 10
7 61 39 94 62 4
24 18 28 23 21 4
53 10 12 15 24 3
78 133 106 70 121 9
32 133 81 124 60 9
52 91 89 75 61 2
62 60 39 36 35 2
28 97 162 124 86 14
19 102 130 157 102 6
35 20 17 12 16 2
27 87 73 68 84 3
47 11 13 29 22 4
71 58 61 62 80 4
57 90 72 48 90 4
45 16 29 23 23 4
51 48 47 49 96 3
55 93 146 124 134 5
31 49 66 93 66 3
24 91 92 64 54 4
1 81 98 135 115 5
6 66 83 94 62 3
43 17 20 20 17 4
70 159 70 73 57 6
16 104 150 81 93 8
56 65 50 95 69 4
68 123 56 55 161 7
16 75 73 90 37 4
21 15 14 13 20 3
1 18 27 22 10 3
56 80 47 47 45 2
77 34 38 64 90 3
67 26 18 15 23 4
28 22 27 19 14 4
42 143 153 61 57 13
24 57 33 67 87 4
37 90 138 124 82 13
73 83 39 46 72 2
78 37 71 37 63 4
77 48 36 71 40 3
26 36 48 35 77 4
65 64 58 38 62 2
29 77 75 69 84 3
71 75 58 93 43 4
14 61 57 36 71 4
23 73 145 137 122 8
8 67 93 89 67 2
25 48 62 58 46 4
4 23 19 20 16 4
78 73 41 77 85 4
74 64 73 35 34 3
68 100 165 165 84 10
45 13 10 26 12 4
67 71 44 94 55 4
79 16 14 14 23 3
5 159 126 71 76 6
53 23 22 21 28 3
61 11 13 23 23 3
16 24 13 20 24 3
55 20 28 21 12 3
42 13 26 22 25 4
16 74 80 64 94 3
2 62 160 141 111 6
46 93 129 68 123 14
28 58 87 76 52 4
1 142 135 76 90 6
67 112 107 86 116 12
0 16 25 10 12 4
63 25 17 13 26 3
77 13 18 11 18 4
36 144 59 93 131 7
33 22 17 26 23 4
36 66 53 75 62 2
60 114 76 56 122 5
15 23 27 16 24 3
31 77 34 70 76 2
0 22 18 28 15 4
12 20 29 17 10 3
14 91 95 73 39 4
39 77 93 59 55 4
37 15 9 20 26 4
68 55 34 59 37 3
36 116 158 82 69 6
72 67 59 150 144 8
72 88 54 97 41 3
48 66 59 82 56 3
25 85 61 76 78 2
34 28 21 9 21 3
9 13 22 11 26 2
63 76 86 90 60 4
11 93 68 73 40 3
13 75 123 59 80 11
50 96 48 45 51 3
61 152 164 72 162 5
34 38 50 54 84 4
71 18 20 23 16 3
29 66 91 69 32 3
48 29 26 18 21 4
25 11 14 15 11 3
24 68 35 57 80 2
33 14 19 14 14 4
20 55 43 91 35 4
33 17 13 16 23 2
15 103 57 121 61 5
40 50 34 83 59 4
62 64 38 41 48 2
23 23 13 25 23 2
55 92 60 37 40 3
66 147 116 70 132 5
75 20 11 16 22 2
28 47 82 61 43 3
15 25 22 17 12 3
75 27 28 18 24 4
19 57 92 160 146 8
0 78 43 57 47 3
56 20 12 19 29 4
61 37 56 59 38 3
75 13 26 14 26 2
32 13 24 17 17 4
71 62 68 97 70 3
47 23 13 23 21 2
28 55 74 45 44 2
51 141 117 61 59 13
72 71 151 152 129 6
34 53 40 93 73 3
32 12 11 20 13 4
27 85 54 43 60 3
17 97 82 80 94 3
30 61 65 88 56 3
47 79 35 95 34 3
73 33 35 68 49 4
73 56 62 75 92 2
25 94 35 96 85 3
22 23 26 28 22 4
49 18 21 21 13 4
50 132 107 72 143 12
43 26 22 22 16 2
73 26 27 18 18 4
26 27 28 13 27 3
60 60 123 93 69 12
58 10 21 16 24 3
76 62 65 64 43 4
41 92 88 59 123 7
34 124 105 164 79 12
53 102 87 131 140 7
11 43 94 43 84 4
73 63 85 71 83 4
74 92 40 93 48 4
44 10 10 19 27 4
6 13 11 27 11 4
4 18 22 29 17 3
15 92 79 69 80 3
33 80 32 46 53 3
49 93 67 95 67 4
1 19 11 10 18 4
44 143 68 119 134 8
35 98 89 109 85 11
2 35 35 45 36 4
35 51 51 41 69 3
74 74 78 99 98 13
13 33 46 53 53 2
67 46 67 42 68 2
5 156 81 120 155 14
17 28 26 17 9 3
49 43 43 47 90 3
57 12 22 20 26 4
30 83 68 48 91 4
22 45 79 44 92 4
5 135 65 137 58 7
48 40 43 68 52 4
25 14 21 23 19 3
29 22 18 27 19 3
26 45 42 66 33 4
7 128 82 132 77 9
18 43 36 79 66 4
26 19 13 22 13 4
67 19 10 16 20 3
17 156 126 75 148 12
44 28 10 13 19 3
18 61 36 88 38 3
23 161 85 138 107 5
32 16 29 19 17 4
9 12 25 29 20 2
28 59 54 93 74 3
17 63 35 51 34 2
17 72 50 65 49 4
35 80 81 43 48 3
3 64 45 76 56 4
24 17 11 14 28 4
23 121 81 141 164 8
55 14 24 24 22 2
76 20 10 22 27 4
51 78 101 86 92 14
70 43 70 87 69 3
68 28 15 14 28 3
78 127 88 94 125 10
19 89 43 73 63 4
11 23 20 15 19 4
63 80 38 85 81 3
49 52 47 49 54 4
53 17 15 18 28 3
31 124 94 138 123 10
1 16 17 14 16 2
36 108 125 110 141 5
42 27 17 25 24 3
43 77 109 116 129 14
49 104 71 109 66 8
41 14 26 12 19 3
37 95 33 90 84 4
3 24 29 14 25 4
3 83 145 147 138 12
40 71 41 66 94 4
10 43 58 48 40 2
57 73 46 62 36 4
9 73 51 39 81 3
44 22 18 11 28 3
10 41 60 67 61 4
34 141 92 96 124 7
5 81 57 60 61 4
22 37 94 64 74 3
31 37 89 79 44 3
10 94 86 82 51 4
55 28 17 15 10 4
33 42 41 78 58 2
19 12 23 17 28 3
2 71 91 47 61 3
63 108 123 145 105 8
27 51 69 92 53 4
38 33 51 94 89 3
20 18 26 15 12 4
43 60 80 78 57 3
78 38 55 32 63 4
69 89 93 42 97 4
79 101 77 140 134 13
15 90 56 37 89 2
39 43 89 83 34 2
33 88 68 55 36 4
8 26 17 12 15 3
78 23 20 17 11 2
68 97 76 44 57 2
72 78 156 81 70 11
46 67 71 88 78 3
66 17 18 25 17 3
10 91 75 48 56 3
54 16 23 28 28 3
2 36 75 39 92 4
71 136 73 112 69 9
20 67 148 143 121 14
53 19 25 19 25 3
16 44 91 40 86 3
9 74 80 87 87 4
30 73 42 35 94 4
40 124 88 158 79 13
70 68 35 55 52 4
78 47 87 63 90 4
68 64 84 86 33 3
57 69 92 147 123 13
15 37 72 40 52 3
76 87 66 70 93 4
37 83 146 106 80 10
13 90 42 86 49 3
58 81 44 60 44 4
25 18 25 22 28 4
41 71 89 46 48 3
12 63 45 41 72 4
26 64 60 63 71 4
33 85 96 42 38 2
23 96 65 58 96 4
30 92 53 77 50 4
63 60 49 37 60 4
7 117 123 58 69 5
30 92 56 32 40 2
0 38 57 89 73 2
71 88 72 97 54 4
3 12 12 25 19 3
79 88 55 92 55 2
15 59 106 125 162 10
35 74 109 82 115 8
50 57 53 75 50 3
39 68 50 36 64 2
49 25 24 28 12 3
65 13 14 13 24 2
66 27 19 10 22 4
19 59 69 47 91 4
59 77 45 65 97 4
60 21 28 22 26 3
8 96 90 90 59 2
49 98 157 71 164 5
61 10 14 21 17 4
3 61 90 100 70 12
36 21 21 19 27 2
75 59 67 42 40 3
62 141 65 125 118 13
61 75 96 59 95 3
62 89 84 61 92 4
49 18 26 19 13 2
17 21 11 14 28 4
67 50 75 88 53 4
67 13 20 9 12 4
25 32 40 54 53 3
79 58 87 91 83 4
74 12 22 25 9 3
59 33 88 71 84 2
4 72 96 74 61 4
34 71 71 62 57 2
6 62 59 86 78 2
1 61 94 76 79 3
43 32 96 92 33 4
77 109 146 139 120 7
60 108 75 70 120 10
63 82 69 35 93 2
27 77 89 82 44 4
38 22 25 19 22 2
67 66 36 92 35 4
72 57 70 48 64 4
77 44 56 45 44 4
10 82 43 67 69 3
26 71 57 39 86 3
62 22 24 14 13 2
52 66 42 91 82 4
36 91 32 39 71 3
28 68 60 78 35 4
1 92 44 56 85 3
43 18 22 26 23 4
64 88 33 68 76 2
20 21 16 21 17 3
36 92 72 67 111 13
74 78 80 96 93 4
68 90 82 63 75 3
76 17 20 16 21 4
1 59 61 147 145 5
35 19 21 17 15 2
59 17 21 24 27 4
38 58 43 48 86 3
4 56 92 85 59 2
0 12 22 13 16 4
70 121 154 108 92 8
67 12 21 19 12 4
37 83 97 67 81 2
5 64 36 45 65 2
17 71 58 89 64 2
79 16 28 19 17 4
64 120 160 105 148 7
55 44 94 65 96 4
75 19 11 13 16 4
47 89 67 46 47 4
74 44 60 60 83 2
75 119 136 68 138 9
77 82 47 35 73 2
27 47 38 46 41 4
49 11 26 16 27 3
52 20 18 27 16 4
76 26 14 13 27 4
26 11 24 18 26 4
31 64 80 147 154 14
50 89 62 100 61 13
37 54 55 37 84 3
36 60 36 44 58 4
37 63 41 37 96 3
77 27 21 15 24 4
78 91 41 89 58 3
2 65 43 57 82 4
9 76 61 83 62 4
3 61 56 32 61 2
5 68 88 45 50 4
31 165 69 100 78 7
6 41 90 52 60 3
19 10 26 18 9 2
28 81 85 50 62 3
74 77 46 42 61 3
74 35 85 51 87 4
14 22 28 22 11 3
63 49 82 35 68 4
43 60 100 61 136 8
12 70 51 56 82 3
54 25 26 25 13 3
69 29 11 26 10 3
72 50 44 93 55 4
10 38 93 85 42 4
12 94 78 93 55 3
16 90 80 66 60 4
59 65 51 58 87 4
18 144 123 146 77 5
29 53 86 53 93 2
25 49 43 34 54 4
4 26 19 27 28 4
41 67 53 39 79 3
7 45 46 42 65 3
56 91 53 69 38 3
26 99 132 157 80 11
23 72 41 81 65 3
76 61 90 89 78 3
50 20 27 23 14 2
3 24 25 10 23 4
71 34 84 66 40 4
8 67 89 48 88 2
54 69 72 159 162 11
60 64 136 131 123 11
51 49 84 49 95 2
21 90 77 64 38 4
66 26 14 14 11 3
57 14 14 18 15 3
70 19 11 12 27 3
12 93 48 75 71 4
75 26 17 22 13 4
33 35 53 90 37 4
21 57 38 68 94 4
41 92 46 56 83 4
38 35 79 43 71 2
46 14 12 28 21 3
27 41 55 63 44 4
0 52 51 78 43 2
23 22 21 24 24 4

