4
250
20 354 666 284 436 84 75 21 32
5 1051 1152 813 458 751 1141 526 370
11 627 216 386 295 443 149 349 238
4 361 201 419 504 354 189 244 300
10 766 1177 943 857 166 213 255 221
23 80 60 195 36 59 40 187 32
23 235 1101 948 385 50 176 280 97
24 1113 314 359 299 290 21 82 68
22 234 153 116 254 55 25 10 16
1 850 717 614 345 212 106 175 69
20 1070 732 1073 743 114 205 122 119
17 599 644 307 424 173 98 28 93
13 625 600 229 196 163 38 24 41
15 100 515 315 653 17 29 70 190
16 196 69 137 158 158 50 135 142
13 145 582 415 536 8 146 113 159
21 186 648 234 225 138 552 160 172
6 676 962 769 214 584 954 560 211
6 133 173 151 44 84 139 94 42
13 305 415 560 127 88 113 134 36
24 629 416 302 1002 71 122 16 288
6 576 579 397 388 131 119 78 74
18 684 577 542 394 199 56 144 46
13 50 133 150 133 14 38 30 7
9 862 840 746 180 204 226 87 49
24 639 161 474 154 345 97 437 116
6 693 675 178 606 173 131 33 49
9 395 420 545 368 305 391 493 264
7 40 76 200 70 11 8 54 14
6 731 1068 200 509 713 919 182 296
18 314 897 420 859 61 192 86 123
11 235 415 593 1165 232 344 546 743
21 571 577 362 496 480 339 261 459
19 148 187 114 107 21 40 13 28
23 120 324 439 645 30 95 118 50
18 226 331 536 620 44 91 159 34
1 342 803 206 489 37 152 37 94
14 1102 723 965 377 581 670 816 354
16 65 143 51 68 51 127 33 66
15 416 657 649 520 297 409 387 380
8 600 338 365 168 473 293 265 94
7 820 177 1109 870 72 22 280 55
24 669 1039 334 217 130 189 57 52
18 45 42 158 199 2 7 42 47
14 96 54 165 148 25 9 35 23
22 448 692 584 482 246 558 520 282
15 47 157 71 101 44 143 61 82
22 104 549 501 252 6 76 58 61
10 227 336 574 355 63 93 111 92
0 504 1043 962 486 34 184 286 136
17 191 208 209 143 56 43 34 10
4 345 330 510 161 326 221 300 143
21 1034 457 501 500 59 32 53 134
8 144 141 173 57 110 97 105 51
17 691 894 840 823 39 234 162 52
21 857 689 184 459 817 353 148 376
4 623 949 861 331 380 743 494 248
5 56 89 152 141 5 14 16 17
14 485 265 698 571 419 193 380 374
24 798 798 664 844 728 641 366 505
18 404 549 678 519 95 36 139 54
20 759 188 678 172 647 151 668 140
6 515 266 860 719 359 141 432 637
16 193 449 431 567 13 98 95 61
3 442 513 203 1011 53 44 29 286
12 829 766 291 1087 782 384 161 831
15 538 648 478 693 404 369 405 624
19 1016 1143 699 889 218 68 198 55
14 398 649 663 179 248 492 636 150
22 178 154 62 34 125 122 42 24
11 585 310 187 787 62 43 55 125
1 148 512 514 590 27 81 151 142
9 149 75 61 160 39 9 16 38
24 46 157 63 53 6 10 15 11
13 207 133 141 132 10 16 37 12
18 156 168 75 120 8 37 9 30
17 272 400 458 335 57 87 87 87
2 607 221 331 193 478 129 257 161
3 522 332 146 240 309 174 121 148
11 224 461 304 940 169 334 281 679
11 100 411 572 618 90 281 422 403
17 72 86 199 44 63 84 143 30
2 159 110 203 179 45 13 58 16
9 59 44 156 69 5 10 43 7
0 723 1060 741 358 39 119 50 45
10 253 485 396 489 20 126 37 107
3 555 100 225 527 161 21 27 42
5 769 417 924 429 80 123 274 64
4 197 108 166 64 129 104 136 55
12 286 1073 788 1066 22 172 115 290
19 229 475 216 924 189 241 126 543
22 577 553 336 149 90 119 47 40
19 346 559 419 278 262 303 322 268
20 359 405 586 148 69 33 161 27
19 45 169 87 101 8 32 24 27
16 41 77 68 206 39 59 47 124
7 91 94 168 134 17 14 12 10
20 394 488 997 532 392 372 943 390
6 408 398 458 341 398 221 418 294
13 202 90 94 92 172 84 77 75
4 110 320 395 158 14 51 24 35
15 130 112 70 141 7 13 10 38
2 576 638 289 304 573 483 227 218
3 742 786 869 484 147 96 99 106
18 501 512 436 164 52 53 48 40
12 615 177 892 831 437 164 618 483
7 663 256 1031 965 435 233 752 536
1 177 126 80 157 18 20 12 12
22 236 133 220 355 183 101 146 241
16 59 122 149 68 10 27 30 5
5 912 951 409 192 788 646 372 138
7 105 92 181 116 29 16 26 6
4 372 635 684 1067 281 329 378 825
24 399 370 506 674 43 80 69 171
8 899 607 274 508 698 357 250 430
3 1178 897 1050 1132 205 138 262 337
23 30 70 79 56 2 19 9 8
17 118 153 187 148 9 19 20 10
21 1007 530 181 1105 50 133 46 238
4 427 413 181 600 114 112 42 121
1 318 162 269 520 235 101 213 384
16 199 55 180 108 21 7 51 27
7 208 40 130 134 155 36 72 81
12 97 206 187 35 25 11 49 4
4 662 696 262 633 502 374 145 570
20 289 154 253 485 58 17 55 91
0 396 698 240 144 347 609 159 98
0 1098 808 321 483 881 690 214 248
3 377 503 1010 474 32 88 257 128
8 944 434 886 723 769 297 604 631
5 698 819 300 947 490 413 274 770
10 360 527 467 666 254 491 345 365
21 162 159 127 159 98 86 73 148
8 245 182 940 464 187 147 754 313
14 400 792 579 1180 212 561 317 907
14 179 143 93 166 109 111 83 160
18 104 49 175 204 15 3 47 35
18 412 688 843 595 378 570 611 563
21 580 246 433 143 332 151 250 100
8 103 430 506 637 57 370 409 421
15 168 142 174 172 22 16 50 48
13 527 676 275 992 375 441 141 758
15 905 818 634 539 65 201 180 42
7 30 138 201 172 5 38 56 49
13 156 80 92 173 43 12 14 29
22 158 204 43 37 106 125 41 34
12 206 100 56 56 134 95 49 41
5 506 438 458 947 40 65 31 186
19 1143 1149 806 412 802 807 694 343
12 291 616 1054 372 175 376 938 248
12 246 278 486 445 244 222 295 260
5 110 107 124 47 57 86 86 46
9 95 75 155 183 10 3 33 32
18 221 660 226 279 143 479 162 272
15 1102 638 1016 995 266 187 169 82
12 695 108 406 633 197 8 34 156
8 455 405 337 590 92 78 64 123
9 290 248 149 223 75 15 22 16
2 127 661 692 686 17 55 100 189
13 530 303 435 428 493 218 278 236
1 481 944 255 1155 51 182 20 313
21 278 185 524 317 173 172 281 227
5 377 364 340 228 67 96 101 35
5 183 188 72 138 180 118 36 73
23 196 93 96 43 105 92 51 40
3 137 125 114 192 76 121 99 106
20 695 391 628 276 390 305 347 255
14 48 63 74 124 12 16 21 12
24 657 530 110 125 72 43 28 27
2 423 124 496 425 119 8 63 39
0 173 72 63 196 34 19 18 20
12 233 529 478 132 21 56 94 33
15 683 350 1038 245 549 204 966 231
2 306 332 400 468 216 222 313 451
10 559 346 482 556 148 51 141 117
6 882 892 186 411 677 865 184 266
1 130 140 147 32 99 94 134 24
11 193 122 177 188 105 102 127 162
0 855 1035 659 745 632 913 629 666
0 187 146 115 71 25 9 9 6
13 155 142 160 194 42 28 36 30
4 95 81 170 53 82 66 98 31
22 81 140 204 172 6 28 51 18
14 686 384 888 1188 654 238 585 933
7 337 686 142 601 214 519 107 584
10 577 484 333 680 141 83 70 173
14 673 234 339 115 464 166 233 74
8 452 620 497 288 130 175 137 36
19 615 314 564 474 175 48 139 100
23 917 764 731 469 644 465 613 236
11 69 56 165 84 41 33 86 63
6 1168 539 542 886 141 85 108 67
19 57 178 137 59 13 43 31 15
20 84 68 103 187 18 10 25 36
9 1085 790 314 638 653 743 203 324
2 93 111 152 149 80 84 145 79
3 39 195 127 49 26 183 96 43
23 170 51 82 120 99 33 69 111
17 524 573 410 670 307 408 387 490
11 501 159 148 697 404 122 89 580
17 587 216 370 482 160 39 110 116
7 336 619 587 240 33 116 77 26
21 647 474 544 384 55 96 115 26
14 627 553 1069 269 383 323 555 263
7 80 128 156 77 19 32 44 10
9 213 440 495 525 175 368 311 503
22 153 161 134 206 124 147 130 173
17 191 178 87 188 155 103 85 174
22 414 314 534 1045 111 33 45 59
11 1071 613 724 880 222 183 148 245
17 613 398 548 255 50 75 148 55
12 691 109 618 297 433 58 438 271
9 502 377 178 385 55 112 37 50
2 843 550 468 1101 121 127 52 248
23 111 208 156 97 56 205 132 78
8 134 90 146 165 27 16 11 40
16 125 168 207 125 116 158 127 124
16 53 123 117 157 36 103 69 150
10 42 46 120 138 34 43 76 98
3 829 894 494 813 216 69 141 77
1 45 100 68 32 11 18 12 4
10 490 365 242 253 446 212 139 184
1 481 487 881 706 387 356 496 621
4 513 252 637 135 151 57 171 37
20 512 384 461 499 487 193 341 429
3 134 109 140 181 79 80 89 140
16 877 872 1098 178 737 466 889 117
16 883 413 228 322 453 383 227 216
2 1184 444 206 297 286 61 11 35
2 275 187 1162 385 158 170 757 271
11 631 797 597 846 135 131 177 66
19 1050 1011 239 305 817 539 180 247
24 135 141 38 110 92 131 32 57
1 858 315 1162 382 255 78 229 46
5 686 507 625 297 601 501 393 173
6 738 474 367 614 179 31 98 170
0 159 98 121 179 45 16 32 32
0 237 288 291 391 51 34 24 116
0 406 280 687 487 27 17 194 47
21 81 97 127 193 15 26 30 51
24 272 453 307 688 263 284 228 666
8 182 179 99 185 31 47 19 9
20 821 796 983 885 507 749 582 743
10 344 267 465 143 304 214 389 72
9 279 368 443 517 264 356 417 320
23 153 188 157 139 14 46 20 30
23 431 1130 378 1178 108 337 49 210
10 573 604 362 401 478 576 251 379
15 100 136 152 111 16 11 39 6
19 431 285 689 163 389 234 480 120
80
1
4
2
8
6
4
5
7
7
6
2
7
9
1
5
7
8
5
3
5
8
6
3
1
1
5
1
1
1
1
1
1
1
1
1
1
1
1
1
1
1
1
1
1
1
1
1
1
1
1
1
1
1
1
1
1
1
1
1
1
1
1
1
1
1
1
1
1
1
1
1
1
1
1
1
1
1
1
1
1
800
10 57 41 90 50 4
17 88 57 70 54 3
62 25 26 14 18 3
39 56 79 50 39 4
72 37 55 32 84 4
36 105 123 132 128 8
26 14 25 10 28 2
67 87 95 84 63 3
60 17 16 20 19 4
1 13 23 10 10 2
34 10 23 29 27 3
27 121 136 152 130 12
79 66 33 63 34 2
11 44 82 46 72 4
10 73 76 52 81 4
4 80 94 34 77 4
79 26 28 17 12 3
21 94 86 84 64 3
59 55 96 90 75 3
74 68 73 80 66 4
38 45 73 56 70 2
27 34 94 88 48 3
22 41 37 67 73 3
59 26 14 22 26 4
63 56 70 71 67 2
50 137 139 60 124 12
9 16 19 14 20 2
13 65 57 79 44 4
48 111 112 126 161 7
40 76 34 72 66 4
29 28 22 25 21 4
55 21 10 24 13 3
42 69 142 93 138 9
14 125 153 95 60 13
38 40 74 89 85 4
8 19 27 20 26 4
16 41 54 71 47 4
10 19 10 29 11 2
28 95 77 53 48 4
54 72 65 73 92 3
39 52 90 42 39 4
62 62 109 77 91 8
8 78 51 63 52 3
79 76 64 94 41 4
8 134 106 119 154 7
36 89 91 37 56 2
11 90 93 113 124 6
31 40 43 34 74 3
41 36 47 66 42 4
0 102 71 87 145 5
61 13 21 20 21 3
77 82 94 86 90 3
22 93 119 75 61 10
70 72 63 81 39 3
65 90 56 133 149 11
29 35 73 42 84 3
64 54 77 77 55 3
49 85 72 97 76 4
26 79 96 65 34 3
28 78 37 47 96 2
14 36 90 61 48 2
39 69 84 51 56 3
9 61 108 161 148 9
47 21 22 17 27 4
78 46 63 36 51 4
26 56 74 94 36 3
44 66 75 64 71 4
16 20 18 24 20 3
48 39 69 60 85 2
31 75 38 73 87 2
69 119 98 88 155 7
42 13 12 16 19 4
62 27 21 27 13 3
30 54 78 63 73 4
55 119 81 55 114 10
54 91 64 84 40 4
14 56 70 94 90 4
67 62 49 46 71 4
43 96 56 69 72 3
55 66 137 69 145 13
52 38 59 38 37 3
24 63 64 77 90 3
44 95 50 36 77 4
13 88 75 74 39 4
75 115 140 114 159 13
13 19 22 28 17 2
15 11 15 19 21 3
24 11 17 19 22 4
16 139 85 95 122 6
62 70 80 39 95 4
45 92 80 105 130 6
12 141 126 97 74 13
31 80 93 80 96 4
69 137 149 60 124 11
47 65 68 82 34 4
49 69 77 56 52 3
55 72 64 154 141 9
28 59 92 53 80 2
3 134 113 57 106 7
48 22 16 11 12 3
2 76 58 69 73 4
53 160 151 84 144 7
4 87 68 104 165 5
39 133 155 69 122 5
48 52 53 69 85 4
74 156 115 71 118 10
57 19 12 13 10 3
14 36 39 92 56 4
43 77 93 61 59 4
51 87 43 48 92 3
23 18 25 18 27 4
65 68 84 90 93 5
6 37 91 38 94 4
12 152 89 155 69 14
78 20 25 13 12 4
44 48 42 76 47 4
36 37 71 34 67 3
20 51 42 39 44 2
40 152 81 104 145 6
5 76 70 89 58 2
17 11 26 23 28 4
2 15 14 13 24 2
78 88 73 83 36 3
49 25 13 19 20 4
36 74 58 97 65 4
50 32 51 83 46 3
77 130 59 87 63 10
57 73 68 39 93 4
19 77 64 66 72 3
33 61 132 84 129 14
70 80 97 45 72 4
20 17 27 18 16 4
47 19 27 15 19 3
42 15 24 17 15 2
5 96 72 73 95 3
21 47 40 77 34 2
21 77 40 32 67 3
19 20 23 15 22 4
6 32 81 78 95 3
54 47 85 34 66 4
71 50 61 72 71 3
0 40 65 67 69 3
73 61 66 68 42 4
23 55 88 85 54 3
54 34 34 41 93 2
47 25 13 28 16 2
63 55 43 43 52 3
5 11 16 14 26 4
17 53 55 60 83 3
43 85 151 64 156 9
78 15 24 12 23 2
15 92 46 96 65 2
2 83 160 114 90 6
42 24 26 26 15 3
59 89 45 50 95 3
33 56 54 51 86 3
69 33 55 39 84 3
37 59 60 96 62 3
73 18 15 24 25 4
25 10 10 12 25 4
30 14 15 20 13 4
18 27 26 29 26 2
8 20 28 20 22 2
76 25 19 22 10 4
17 22 10 17 13 4
53 74 77 50 71 4
4 80 65 143 132 10
18 101 163 71 65 10
66 95 91 85 43 3
14 81 92 68 40 4
51 28 24 26 17 3
46 78 53 68 94 3
52 21 15 24 21 4
7 90 92 161 129 9
56 77 77 84 73 2
37 96 35 33 66 3
42 98 95 139 88 11
70 43 74 84 65 4
3 9 15 25 18 4
66 72 38 94 78 4
26 57 33 45 95 3
2 73 84 92 54 4
44 74 149 158 100 9
12 45 49 93 69 4
70 62 104 163 76 9
0 12 27 10 13 3
62 77 32 59 37 2
56 114 59 115 55 7
76 143 152 119 125 13
68 75 55 132 56 7
1 45 41 96 32 4
69 65 78 47 78 2
13 60 81 41 65 4
10 18 20 13 10 3
43 74 85 60 67 4
45 56 85 56 37 3
68 70 161 83 113 6
69 16 20 24 21 3
65 122 93 161 133 5
76 16 12 13 21 3
9 59 32 55 84 3
22 156 115 75 94 13
23 54 79 48 76 2
26 45 36 48 80 2
50 87 43 43 52 3
75 86 132 165 159 14
53 50 32 56 33 4
68 68 82 79 50 4
48 84 57 97 80 4
68 67 37 58 87 3
6 49 86 80 53 3
25 38 39 69 69 3
6 139 68 93 133 10
52 32 49 95 40 2
35 46 67 34 79 3
30 13 12 21 10 2
22 12 24 27 14 4
21 131 137 117 119 7
67 45 90 46 41 2
50 14 21 24 11 2
25 19 25 27 23 4
10 72 75 76 39 4
57 73 74 40 56 4
44 75 60 86 73 3
64 12 28 17 11 3
61 33 84 45 61 4
42 89 145 138 77 7
68 117 158 125 68 7
37 28 23 16 12 4
47 135 65 140 71 9
1 82 85 101 134 14
11 148 150 109 99 9
41 69 55 95 92 4
67 85 69 55 42 4
13 50 78 89 45 2
75 48 82 42 33 3
14 123 111 133 69 12
30 27 24 10 20 4
12 50 84 53 35 4
8 25 23 20 24 4
44 37 43 42 91 3
15 28 12 12 11 4
32 11 17 13 10 4
55 126 126 145 93 14
19 63 35 67 36 3
47 14 15 13 19 2
71 107 136 161 103 12
64 34 49 35 48 3
71 59 115 58 76 8
36 91 56 55 95 4
36 73 97 102 70 11
38 83 88 53 96 3
37 14 22 13 12 4
55 67 77 86 40 3
21 75 148 108 78 11
27 32 70 63 81 2
78 66 51 68 40 3
49 138 101 116 136 10
26 128 163 101 159 13
54 78 71 74 76 7
17 49 91 84 43 2
53 12 10 19 11 3
21 72 63 50 58 3
24 121 78 87 151 10
19 60 73 66 95 3
61 45 88 72 72 4
79 64 72 55 50 2
25 153 99 141 118 8
25 18 15 19 13 4
66 70 46 96 51 4
77 71 70 80 80 2
45 116 154 136 102 8
22 64 70 92 42 4
0 16 11 14 11 3
61 45 90 67 66 3
31 21 28 24 18 4
25 15 19 17 29 2
75 90 82 148 67 13
35 54 78 36 72 4
1 34 92 61 76 3
66 55 76 83 87 3
57 63 39 38 79 3
34 72 97 90 94 3
41 77 95 76 82 2
57 86 66 74 101 14
61 148 57 160 89 8
11 46 90 80 35 3
19 55 58 137 110 9
65 15 12 10 27 3
25 60 74 120 58 11
60 15 11 17 16 4
71 79 80 79 79 4
40 21 29 23 16 4
74 26 15 19 28 4
15 21 14 11 16 3
1 38 66 54 94 3
7 28 25 12 28 4
35 24 19 25 9 4
17 25 12 17 14 3
49 124 89 108 116 14
72 10 29 10 21 4
70 91 80 94 87 2
23 11 24 10 21 3
2 93 59 94 81 3
9 47 64 71 73 4
39 133 141 56 94 6
54 19 15 21 27 2
46 87 72 42 56 3
29 16 15 13 11 4
31 84 91 57 60 3
8 138 117 101 86 8
76 49 62 93 63 3
58 111 76 161 107 9
18 55 82 42 72 4
32 21 21 13 11 3
24 137 151 57 164 9
39 54 58 43 36 4
45 51 58 71 83 4
58 45 60 56 67 4
30 16 22 15 26 2
0 69 82 33 66 2
13 40 41 66 60 4
41 28 27 27 19 3
40 142 58 122 143 11
6 79 65 86 51 4
5 23 17 17 28 4
62 25 22 9 19 3
22 16 13 10 14 3
25 76 93 39 71 3
49 75 130 151 63 8
3 154 136 125 57 10
5 21 22 13 21 4
69 46 70 61 52 4
51 21 10 19 21 4
70 93 74 57 47 3
49 26 20 21 12 3
55 13 17 24 18 3
39 70 105 98 105 12
75 73 86 156 73 7
51 85 52 56 76 2
48 82 36 65 62 2
48 71 103 113 56 8
67 69 34 91 49 4
11 79 71 34 49 2
27 60 87 97 59 3
57 95 33 84 76 3
72 61 75 111 130 13
57 15 20 9 18 3
30 22 13 22 13 4
74 123 162 94 144 9
15 43 46 48 81 4
64 21 28 12 27 3
28 67 72 88 69 3
23 26 16 21 22 3
18 137 135 144 71 10
29 13 25 22 22 4
50 113 136 132 72 10
28 120 111 86 129 12
47 165 75 138 98 6
71 11 22 26 16 4
69 77 37 51 52 2
29 84 57 60 60 3
72 21 13 21 22 3
15 9 29 15 12 3
27 22 11 28 22 4
46 23 27 26 15 3
28 81 128 125 84 11
20 24 12 16 11 4
35 96 52 91 60 3
59 22 12 24 10 4
33 22 24 12 15 4
48 14 24 14 28 3
73 26 26 19 27 3
10 21 28 22 13 4
20 49 70 71 55 3
72 68 36 96 38 4
64 77 72 48 91 3
66 146 149 112 92 6
14 12 25 24 28 3
8 83 43 85 33 3
29 28 19 26 24 3
30 85 91 44 50 2
53 19 29 22 20 3
6 97 42 54 88 2
23 81 77 50 69 4
20 10 23 22 28 3
36 12 13 17 18 3
52 29 25 13 17 4
32 36 64 74 54 4
78 50 57 49 81 3
0 11 11 16 12 3
58 14 23 25 22 3
32 88 73 63 89 3
73 33 86 39 56 3
31 56 151 165 85 13
28 24 15 26 27 4
2 51 44 79 78 3
16 10 17 17 17 3
77 26 26 15 14 4
46 63 95 71 88 4
78 12 21 23 20 4
51 19 11 15 19 3
56 42 87 41 56 2
26 19 28 14 16 2
72 53 57 38 63 4
12 10 11 18 14 2
53 90 75 54 80 3
24 114 105 135 146 6
40 80 76 73 41 4
16 48 66 82 79 3
73 22 24 10 20 3
7 73 80 62 95 2
6 96 40 73 72 3
68 138 107 77 108 13
59 26 21 18 16 3
38 21 13 25 25 2
17 59 46 59 44 3
77 18 10 22 15 3
44 76 53 55 85 3
16 146 125 125 57 5
5 10 15 17 20 3
72 78 71 38 46 2
56 36 73 77 59 2
20 63 85 76 37 4
0 44 85 45 33 3
6 16 25 16 24 4
9 45 91 43 53 3
62 20 10 10 23 4
4 75 41 88 75 3
41 9 23 23 15 4
5 21 23 25 13 3
27 71 84 76 93 4
42 135 120 77 91 5
67 67 77 89 73 4
23 49 90 88 40 4
66 46 79 45 94 2
74 86 84 78 94 2
75 118 63 136 74 11
57 74 88 122 120 13
10 160 104 135 114 13
68 21 18 19 22 3
8 63 67 83 50 3
33 74 43 45 65 4
52 14 24 16 15 3
62 148 65 128 70 7
51 95 45 69 42 4
11 18 15 15 10 4
9 120 90 90 95 9
40 10 22 15 28 4
31 74 73 95 77 2
59 76 73 81 95 2
39 68 90 86 70 3
70 19 22 23 14 4
55 52 44 49 60 2
40 85 63 120 122 6
32 41 37 84 50 2
32 68 57 78 64 3
2 68 57 65 56 4
58 97 32 91 93 3
37 24 20 21 21 2
15 23 28 23 16 3
60 16 27 15 12 3
33 66 96 40 92 4
71 24 14 27 12 3
3 90 93 53 87 4
78 10 14 14 26 3
74 142 68 138 126 13
33 24 13 26 28 3
24 24 22 29 28 4
50 21 23 23 22 4
33 33 89 71 94 2
1 114 58 99 92 14
79 65 40 87 94 4
49 92 35 88 74 4
64 60 64 78 46 4
41 14 17 11 17 4
39 34 63 85 82 3
40 80 60 77 73 3
34 73 64 71 40 4
47 86 73 89 40 3
53 48 87 70 47 3
78 155 138 81 157 8
36 51 86 81 57 3
9 43 59 39 84 3
59 22 24 17 10 3
76 71 56 44 37 4
37 61 75 55 104 9
58 59 40 78 39 4
4 77 81 45 46 3
45 37 92 39 46 3
13 36 93 63 68 3
52 48 81 47 41 4
51 142 141 91 65 14
18 57 33 54 55 3
10 20 11 19 10 2
46 115 71 75 138 14
58 37 69 86 58 3
65 74 56 44 60 2
45 96 90 52 56 3
59 59 35 86 67 4
26 44 40 95 38 2
21 163 149 81 86 14
42 40 46 73 91 4
35 142 83 112 104 7
30 43 37 62 47 2
63 79 55 72 79 3
60 89 74 89 78 4
4 47 71 63 37 2
21 105 103 142 95 6
21 17 28 22 18 4
41 56 61 48 56 3
19 80 42 54 62 4
53 62 113 92 77 8
37 67 119 67 112 12
42 23 20 13 24 4
61 89 92 51 78 4
74 42 44 68 68 2
24 39 75 83 68 3
38 62 90 64 79 3
19 24 16 22 13 4
50 49 38 54 80 3
47 23 13 16 17 4
31 49 36 84 94 4
43 134 65 82 150 12
29 79 70 52 96 2
31 75 58 85 47 2
20 15 18 20 10 4
54 49 46 65 36 4
57 44 74 47 50 3
75 74 72 55 88 3
56 27 10 27 16 3
32 75 66 35 53 3
43 55 68 53 52 4
23 23 14 18 26 2
34 93 87 77 94 3
58 107 59 58 95 7
7 27 27 25 21 3
27 111 149 141 57 11
70 23 12 13 14 4
63 57 79 88 71 2
11 25 19 11 9 4
35 34 43 95 38 3
14 64 66 86 50 2
61 57 91 44 78 2
0 42 92 54 60 3
63 14 16 26 25 2
4 80 50 61 37 3
33 104 150 72 129 12
38 16 12 27 19 4
41 66 39 42 64 2
51 17 13 28 15 2
28 61 65 64 84 4
49 61 94 97 33 4
71 62 89 95 96 3
5 76 75 63 91 10
1 26 21 16 13 4
75 18 11 25 12 2
11 99 98 126 163 8
64 53 63 58 63 4
66 87 135 65 164 12
60 10 28 13 23 4
35 17 10 27 26 4
27 96 73 86 72 4
29 114 61 55 55 6
79 96 38 37 78 2
52 109 72 124 88 13
53 85 68 54 74 2
34 60 52 38 63 3
20 94 120 131 88 13
24 111 160 61 86 7
7 17 21 28 11 4
48 73 53 74 47 3
63 46 36 38 97 3
50 10 11 17 28 2
79 25 19 11 12 4
28 86 61 73 59 3
71 65 80 64 63 4
4 28 23 17 15 4
19 64 82 86 63 4
13 27 19 28 22 4
37 10 24 21 11 4
38 35 90 74 69 3
60 141 102 121 101 10
38 73 51 97 40 3
40 65 33 49 53 4
74 84 50 41 57 2
15 11 21 17 24 3
60 60 51 45 56 3
60 130 151 143 87 11
7 21 12 21 18 3
34 55 50 65 78 4
19 19 22 19 12 3
65 49 60 95 50 4
69 96 51 80 51 3
30 11 22 23 11 4
37 18 26 22 13 4
16 77 136 89 95 12
77 94 86 63 55 4
17 108 80 139 111 12
12 120 94 86 143 7
32 76 134 108 107 9
76 24 20 14 16 4
43 93 60 40 68 4
29 155 75 75 154 14
48 92 49 64 36 3
52 64 92 51 72 2
8 73 45 60 53 4
69 23 19 28 28 2
45 50 57 64 81 4
11 97 98 98 124 8
63 66 62 89 85 3
33 15 15 15 23 3
28 17 23 14 17 3
73 34 36 37 75 3
2 49 68 47 41 3
65 54 64 97 67 4
3 83 33 73 66 4
79 96 48 90 73 4
52 24 20 28 27 4
34 23 29 14 28 4
39 25 26 21 25 4
22 11 23 21 12 2
17 155 60 74 125 8
51 96 88 41 88 3
79 39 37 62 52 4
54 60 91 81 67 2
59 20 18 27 18 4
55 43 94 51 63 3
64 66 64 56 71 3
66 127 132 89 60 6
67 22 27 13 12 4
19 47 67 43 96 2
76 14 14 19 25 2
46 77 66 77 43 4
58 69 134 117 88 12
11 81 65 77 36 4
36 70 95 92 91 3
76 47 93 88 55 4
23 62 56 41 67 4
60 163 144 65 102 5
67 94 58 83 80 2
12 94 68 152 61 14
27 33 51 38 41 4
31 91 59 48 72 3
12 43 95 33 50 3
63 157 125 76 57 10
10 27 28 21 12 2
61 162 78 77 84 9
77 92 38 70 63 3
69 148 97 118 79 6
43 41 72 37 84 2
18 73 57 66 72 12
26 49 89 76 77 4
20 46 60 56 33 4
29 14 20 24 25 3
65 95 92 91 92 3
4 88 89 94 80 3
64 130 144 111 163 12
2 61 89 66 58 3
70 37 57 93 92 2
15 12 27 11 17 4
57 92 43 84 84 3
10 164 60 104 114 13
3 110 57 64 123 7
23 24 17 19 25 2
73 94 68 95 52 2
46 36 67 51 91 2
53 11 21 22 28 3
65 62 35 91 93 2
33 72 48 34 91 3
25 33 79 47 77 4
27 45 67 60 70 4
76 134 66 130 94 7
34 73 78 91 92 3
3 50 78 91 73 2
68 72 70 85 35 3
44 153 58 65 108 13
7 52 89 66 96 2
77 80 90 94 146 6
63 91 50 35 57 3
67 14 14 14 25 3
70 119 112 130 66 13
3 76 77 91 46 3
1 18 19 24 25 3
38 87 80 72 97 4
74 50 67 49 52 2
32 17 27 26 22 2
8 37 74 45 34 3
22 15 14 22 12 4
13 47 35 35 81 4
77 69 33 59 36 4
12 129 128 127 119 8
4 108 138 113 57 11
45 45 63 84 68 2
0 50 37 85 95 4
35 49 33 37 80 3
38 10 22 24 27 4
18 57 50 79 57 3
18 24 17 14 21 2
58 54 60 51 97 3
71 38 93 96 49 4
73 13 12 14 19 4
66 110 100 59 139 8
44 80 67 91 53 2
9 11 21 26 21 3
73 70 62 67 96 2
6 21 28 26 22 3
0 104 90 98 127 14
34 24 14 19 26 3
50 56 86 51 79 4
44 73 84 79 57 3
3 61 39 84 86 2
49 59 40 60 86 2
58 97 57 85 87 4
72 14 11 12 27 4
79 110 129 97 92 9
18 67 48 62 60 3
9 74 33 44 85 4
56 68 59 94 49 2
18 83 52 39 89 2
74 16 19 12 10 3
68 83 87 94 87 4
51 95 39 62 90 4
46 48 66 57 56 3
36 93 35 73 37 3
41 117 156 110 78 11
22 25 14 13 20 4
24 56 69 83 119 14
17 13 14 28 17 4
32 93 114 152 58 8
24 14 28 11 17 4
63 69 95 63 60 4
3 12 17 10 27 4
56 160 114 144 164 8
72 9 20 26 10 3
60 54 34 57 44 4
75 82 94 39 69 4
6 32 85 97 36 4
16 47 70 38 46 4
20 19 11 23 22 4
2 100 87 163 164 5
25 62 39 80 52 4
21 85 64 32 65 4
73 91 72 33 91 4
55 20 28 27 25 4
1 91 69 37 40 4
9 45 78 90 60 3
56 10 21 14 10 4
46 61 73 47 49 3
52 89 75 37 91 2
37 76 96 41 33 3
7 69 151 149 93 8
43 15 24 15 13 2
72 83 150 142 98 7
54 54 78 44 65 3
5 29 26 27 13 3
65 28 14 18 20 3
54 60 47 82 55 3
34 13 23 16 23 3
26 48 93 50 74 3
62 49 84 81 90 3
45 50 95 34 92 2
64 71 87 53 48 2
50 83 71 127 86 11
30 66 71 42 61 3
40 60 82 41 69 4
35 54 45 89 69 2
14 60 128 70 84 7
76 24 21 9 17 4
67 49 48 48 93 3
61 21 14 28 16 4
75 63 160 153 117 5
7 43 49 46 94 3
78 10 29 20 10 3
16 122 63 157 61 13
56 62 113 72 150 11
45 43 93 85 59 3
14 84 80 63 65 4
16 24 25 13 26 3
12 44 40 87 81 3
13 35 52 73 60 2
62 79 115 94 130 6
59 17 19 13 25 4
7 22 22 20 27 4
1 140 60 67 145 12
35 10 22 21 12 4
41 84 59 115 165 11
61 12 29 11 17 3
68 52 76 62 61 2
47 70 49 86 42 3
77 58 123 121 81 14
42 94 90 38 92 3
15 110 71 87 136 13
66 18 26 11 13 2
56 19 11 24 25 3
71 163 122 80 120 7
46 69 58 47 67 4
43 18 19 22 16 4
22 92 52 49 87 2
5 14 20 25 13 4

