4
250
0 1140 975 1154 344 90 266 237 29
12 70 195 93 63 62 144 55 42
7 320 684 192 132 229 439 108 95
12 1185 563 939 915 745 447 656 824
8 318 309 479 202 180 232 478 180
6 138 457 211 684 122 396 109 593
8 770 359 565 714 172 68 100 152
4 89 55 150 61 13 3 26 14
21 864 1018 998 939 249 279 202 278
8 497 782 938 402 124 213 217 91
10 55 159 49 37 7 46 6 10
15 137 112 158 152 110 66 144 129
22 86 191 165 64 71 147 87 59
24 643 180 407 261 39 14 22 55
6 383 194 619 694 42 13 144 151
21 507 520 302 199 475 449 225 105
13 154 116 62 208 147 72 40 140
5 169 149 102 201 97 94 92 130
3 167 56 203 155 114 32 198 90
1 433 532 1158 866 427 336 1031 504
15 448 376 602 353 42 89 147 43
15 713 602 233 438 128 134 36 26
4 833 645 723 369 147 124 59 76
0 654 833 937 219 548 568 576 197
3 788 382 453 829 583 200 282 816
10 204 409 446 418 22 116 40 120
2 181 122 136 501 162 63 80 427
4 669 811 875 738 131 41 75 188
8 70 204 167 194 4 60 17 9
7 505 502 253 178 130 47 40 33
6 168 49 92 34 166 29 85 28
2 583 117 697 375 75 29 116 69
9 155 135 53 125 14 20 15 11
12 209 144 48 67 183 130 42 57
13 424 328 525 640 294 205 457 610
22 620 328 155 403 52 51 38 104
1 182 34 40 176 145 20 32 174
13 152 151 144 135 101 104 112 89
20 367 525 508 411 42 35 127 122
12 104 210 599 692 23 28 178 176
6 47 191 88 86 9 23 8 24
20 165 271 189 107 15 69 50 23
22 629 597 238 405 383 522 190 361
2 407 630 485 441 361 451 469 436
1 409 736 374 1148 347 631 280 608
2 36 118 73 179 28 84 40 100
9 614 520 469 482 169 31 86 130
11 69 145 198 154 12 18 13 36
5 392 344 258 492 86 18 63 71
22 358 977 700 628 219 630 629 458
14 1023 421 435 1108 578 244 354 858
18 563 434 106 373 90 64 20 92
4 266 812 962 1115 262 801 615 865
6 205 76 74 204 179 70 61 145
19 705 852 626 465 101 108 118 92
16 347 153 484 557 289 95 418 540
15 250 688 553 156 236 626 393 90
11 196 93 87 70 132 70 71 66
0 204 135 656 263 26 8 55 20
9 199 189 58 182 147 159 33 151
19 584 453 1005 318 401 308 805 188
23 161 110 144 34 18 7 28 6
0 146 518 685 494 120 291 454 297
13 468 347 478 766 463 216 471 491
18 243 581 144 284 192 348 114 213
13 98 148 185 88 92 146 160 69
20 171 91 180 76 147 67 91 40
23 109 152 274 451 22 45 36 33
20 231 222 185 564 64 54 50 89
7 282 598 644 105 71 78 185 27
16 378 922 1158 343 57 153 262 29
8 553 149 456 504 419 109 252 377
5 470 344 586 477 242 301 405 245
9 175 189 157 204 46 47 22 34
3 317 995 1172 1068 34 217 106 103
18 594 491 480 275 543 321 388 200
4 678 513 469 342 124 131 55 51
0 1048 1097 284 915 584 1004 280 572
5 178 284 497 529 165 156 410 504
3 171 48 79 70 92 41 74 46
9 646 504 295 1175 576 480 226 1079
0 490 381 255 684 302 290 193 365
15 66 50 43 178 3 10 5 28
2 696 123 191 314 85 36 17 89
17 136 58 137 181 20 8 24 35
16 125 450 473 238 69 442 298 159
5 252 156 265 647 204 125 179 480
4 1165 787 427 466 130 194 42 107
11 157 102 232 496 11 25 23 147
5 143 168 64 131 92 109 33 86
2 691 204 596 336 480 106 356 319
6 463 187 543 303 260 115 278 252
3 46 53 32 118 6 9 8 20
24 1044 497 674 219 939 488 452 113
17 1022 390 1051 701 621 249 634 611
2 130 232 135 561 27 62 15 117
6 249 576 223 395 247 293 190 347
0 311 976 172 1150 218 969 86 1000
22 350 353 253 247 314 322 170 168
7 125 98 122 65 14 27 30 3
13 76 132 169 49 38 124 123 41
8 1160 298 551 928 836 280 277 823
21 613 246 119 309 327 224 72 286
15 160 136 675 555 44 13 169 28
2 146 69 135 107 132 37 83 63
17 602 783 484 430 62 184 128 38
24 39 57 30 90 5 6 2 10
7 166 99 61 197 19 18 5 42
18 506 625 434 661 256 560 361 536
6 390 118 221 301 43 10 59 22
14 593 423 460 364 338 313 427 243
18 99 83 92 203 26 19 21 21
10 432 569 158 449 363 545 88 377
17 87 47 182 100 9 5 47 6
21 980 576 396 1029 278 79 56 114
23 72 174 143 119 60 164 141 114
9 96 200 48 122 7 39 7 6
7 742 1126 414 786 574 777 397 483
3 90 107 41 152 16 29 5 26
15 641 390 225 204 468 328 211 117
10 508 195 819 332 146 37 82 94
7 352 228 235 294 49 49 48 52
16 608 124 454 667 122 36 55 153
23 175 782 481 336 41 115 132 50
6 708 317 763 853 65 61 195 198
22 403 105 189 346 204 65 180 232
19 575 197 554 164 127 44 122 15
5 274 540 886 183 65 33 91 25
24 179 457 365 662 146 455 285 407
4 108 602 592 466 16 92 48 55
16 515 184 614 947 131 10 56 265
11 509 602 598 432 108 126 128 124
17 278 134 502 357 252 131 319 338
3 290 1144 323 651 239 735 179 456
23 196 358 212 422 10 25 56 42
7 634 278 386 700 46 47 76 80
16 381 728 1038 327 295 628 741 293
18 320 1087 691 211 191 709 420 130
20 110 182 41 176 20 29 8 30
17 131 197 47 56 115 135 33 44
9 126 97 98 198 18 22 19 52
20 111 193 120 77 81 127 95 74
7 103 41 103 177 8 4 20 44
24 909 356 590 384 47 30 120 53
14 121 56 71 207 85 44 35 119
22 486 384 118 131 121 26 14 24
9 208 197 165 169 184 101 159 142
19 1053 928 968 1128 712 759 920 998
0 1170 487 1001 751 336 35 289 184
19 83 162 173 208 43 134 170 112
18 892 391 1013 505 51 85 147 45
1 187 304 198 506 148 223 153 408
6 707 1032 1129 1171 94 280 305 163
20 204 186 56 33 124 95 40 18
5 551 215 140 379 54 25 26 58
13 201 53 190 124 192 36 116 67
10 282 306 312 619 67 62 31 86
7 209 203 185 166 36 21 37 42
20 254 1148 1076 654 221 827 605 504
3 1092 552 495 1125 155 152 36 269
22 728 463 588 267 101 116 145 41
13 385 1175 191 896 63 73 32 96
4 37 48 93 73 25 41 74 39
19 117 152 193 180 34 25 39 35
1 1133 410 1155 1101 281 45 273 253
21 378 529 220 361 57 92 31 26
18 282 108 677 330 48 17 145 84
5 766 853 919 170 53 46 185 13
12 172 105 155 76 48 24 17 18
16 143 111 89 109 26 28 23 13
4 223 226 484 292 66 38 110 66
24 1054 1034 724 409 65 254 110 113
16 901 783 835 509 809 720 583 426
2 369 249 292 599 109 45 55 66
0 518 1114 286 447 325 743 229 330
1 117 155 44 110 91 126 23 63
12 155 162 156 439 32 42 16 23
15 697 519 310 938 538 500 219 588
11 378 786 514 880 43 44 83 241
19 397 513 292 578 26 42 84 57
12 437 392 225 137 96 112 47 30
16 372 150 327 175 227 142 278 107
22 35 71 182 96 24 64 177 51
10 203 201 74 200 54 52 18 51
14 285 1060 874 713 189 744 742 687
14 276 377 410 493 30 56 109 71
17 308 688 303 449 267 442 269 334
8 438 644 293 636 351 622 232 453
24 207 158 174 115 22 40 20 14
3 1052 952 1104 922 286 50 115 96
11 178 105 49 116 136 75 42 61
10 251 697 343 689 181 363 307 504
1 380 788 1084 193 328 454 625 185
14 308 646 585 919 61 150 127 198
9 180 77 125 149 122 66 91 82
17 120 196 191 109 94 181 143 80
24 173 1146 268 776 36 96 35 74
12 327 923 898 235 309 538 520 195
17 981 943 220 679 62 80 30 88
14 89 142 44 81 72 97 22 77
21 110 87 95 168 56 44 89 125
20 128 95 78 150 72 67 45 132
10 575 660 576 417 79 41 48 25
15 299 185 230 361 173 115 140 236
17 831 1014 1020 647 69 210 275 86
23 433 1095 1174 921 431 815 898 909
20 61 69 96 114 57 51 74 101
16 618 275 539 514 32 24 97 140
10 115 103 186 142 112 56 93 136
9 464 191 364 684 300 169 239 394
3 568 398 658 138 155 50 180 36
21 105 155 189 141 15 30 19 36
2 570 595 376 1070 130 153 23 269
12 114 181 107 93 58 125 104 63
24 216 200 260 112 134 165 138 56
19 266 296 556 333 52 32 105 91
15 165 652 673 652 32 116 116 108
11 194 137 91 30 12 13 6 5
8 163 564 220 527 101 303 212 482
24 120 77 36 103 20 12 7 19
23 30 39 94 37 8 7 8 9
5 363 539 644 600 42 68 127 108
21 202 116 78 78 45 26 13 15
13 364 441 626 626 57 64 90 74
1 645 585 433 473 117 103 76 73
4 556 639 1042 713 344 460 629 679
11 97 197 90 179 91 165 67 118
11 1123 981 804 649 266 58 83 188
23 864 428 1086 1073 107 116 100 307
19 326 664 902 1041 45 187 208 60
21 140 77 116 119 121 52 114 116
23 447 368 271 119 298 203 216 68
1 58 57 172 49 49 28 171 35
14 549 832 751 621 475 639 498 356
14 39 104 71 135 9 20 6 18
18 402 246 601 382 366 190 348 233
1 421 185 218 196 21 24 44 27
8 674 478 551 101 354 477 336 99
8 262 595 219 373 50 121 25 59
19 93 152 54 40 92 108 50 24
18 1098 1037 853 967 196 211 59 90
22 689 156 534 304 75 16 83 39
13 156 256 506 182 86 200 282 179
21 280 453 597 691 242 371 315 587
12 530 553 634 347 332 353 527 257
0 1187 1117 192 791 1069 819 182 753
11 50 128 187 95 13 30 15 9
10 244 124 176 300 32 27 36 69
23 159 257 375 631 44 47 28 174
14 276 314 696 187 31 33 200 32
80
7
7
3
8
1
9
3
3
2
6
6
4
7
2
5
1
5
6
3
3
8
7
1
9
4
1
1
1
1
1
1
1
1
1
1
1
1
1
1
1
1
1
1
1
1
1
1
1
1
1
1
1
1
1
1
1
1
1
1
1
1
1
1
1
1
1
1
1
1
1
1
1
1
1
1
1
1
1
1
1
800
6 88 63 69 43 3
18 147 160 158 159 14
61 56 55 63 83 4
50 79 85 133 101 5
49 53 47 82 77 4
43 74 41 86 95 3
63 18 17 21 11 3
41 63 44 69 49 3
70 85 74 59 77 3
67 79 49 87 47 2
61 15 28 26 25 4
59 86 85 80 70 3
27 20 17 23 27 2
2 11 17 28 13 4
33 15 11 23 12 2
10 9 17 11 15 4
50 9 23 28 18 3
45 38 97 66 88 2
18 24 24 23 12 4
7 82 90 80 57 4
9 68 113 159 59 8
15 82 95 34 39 4
26 18 11 23 20 3
28 55 57 46 54 3
72 95 38 50 61 3
49 35 45 61 58 4
75 85 85 78 74 2
55 52 87 51 58 3
20 70 58 90 64 4
56 84 112 152 55 13
68 68 55 43 81 3
63 44 34 35 69 3
5 93 122 66 121 7
12 84 109 109 126 10
12 95 96 84 37 3
45 63 49 50 96 4
14 45 90 95 78 4
15 78 60 84 85 3
34 78 96 53 61 4
13 15 25 13 25 3
63 26 28 28 26 4
64 19 13 15 23 3
44 74 108 57 119 7
58 67 68 152 57 8
64 12 12 27 24 3
48 25 11 15 25 2
48 22 11 26 9 3
75 69 35 88 75 2
16 46 87 73 95 3
14 61 128 79 102 7
70 84 55 61 90 4
73 36 85 57 44 4
22 26 26 26 13 3
30 13 28 12 13 3
74 23 11 17 12 3
55 28 16 20 21 4
4 110 62 114 152 11
32 39 76 75 53 3
23 64 51 96 97 3
53 126 80 55 141 12
37 17 16 12 26 3
27 71 60 73 59 3
60 80 66 36 44 3
16 86 61 72 37 4
11 57 47 96 82 3
37 97 49 50 57 3
57 137 145 149 140 14
27 77 96 160 113 7
14 39 75 82 76 3
57 85 62 77 72 3
21 65 40 63 64 4
20 106 142 154 61 14
64 27 26 21 14 4
4 26 28 14 18 4
51 18 24 10 17 2
28 17 14 19 19 4
22 47 41 82 71 4
59 152 63 98 157 7
21 45 95 53 37 2
15 23 12 27 22 2
25 55 85 88 50 4
60 27 12 10 12 3
0 27 19 15 15 2
25 23 18 26 19 3
25 64 52 33 89 3
55 71 128 138 116 13
47 29 15 13 12 4
49 13 22 23 21 4
68 13 19 28 25 3
46 131 134 153 117 6
62 14 20 25 15 3
28 48 79 72 90 3
8 74 79 47 97 3
46 123 126 73 119 13
39 89 71 63 49 4
3 14 11 11 10 3
75 18 17 17 13 3
68 73 55 41 38 3
26 23 23 23 24 3
40 22 10 10 19 3
7 91 73 71 106 13
61 27 16 21 9 4
76 163 100 90 125 12
29 25 23 22 11 4
23 39 71 75 82 4
76 13 23 11 27 3
78 19 27 28 11 4
38 137 68 111 131 13
72 149 110 86 156 13
35 94 149 117 61 5
55 88 56 39 39 3
63 26 28 15 16 4
39 95 76 59 67 3
31 82 76 82 101 11
71 81 75 67 43 2
64 76 42 47 64 3
30 87 62 103 119 13
9 78 40 61 67 3
1 48 84 94 51 3
78 91 49 42 67 4
33 48 86 81 50 2
72 34 95 68 74 4
29 83 36 84 36 2
47 32 68 56 91 2
18 84 49 50 78 2
66 24 28 21 26 2
41 35 89 93 33 2
47 34 78 58 62 4
31 79 69 85 152 6
26 78 72 75 88 4
74 40 73 47 58 4
11 16 28 20 16 4
30 66 143 89 128 13
40 25 18 20 28 3
44 91 94 61 74 2
24 10 17 27 19 2
1 95 75 68 90 4
79 25 16 10 16 4
12 57 46 83 52 4
34 120 156 57 56 8
48 62 77 45 85 3
3 62 66 91 55 2
70 67 80 69 51 3
44 35 65 42 91 2
51 114 99 138 57 6
40 91 79 45 41 3
69 105 124 65 131 6
31 22 22 20 26 3
37 83 47 53 67 4
32 107 134 62 128 7
15 58 59 61 75 4
13 59 49 85 38 2
57 47 67 77 69 3
65 150 133 138 63 13
70 133 137 119 58 5
45 50 66 91 87 4
60 18 12 27 20 4
8 78 61 72 94 4
29 78 85 44 55 2
68 27 15 21 27 2
13 39 47 72 91 2
16 61 133 157 82 8
35 49 81 35 64 4
26 19 26 20 17 4
44 61 142 63 138 7
24 89 115 73 100 10
66 141 88 117 134 7
30 69 67 71 50 3
9 124 91 103 93 7
43 21 20 25 26 2
30 66 80 43 69 4
78 67 96 87 78 2
66 59 62 32 65 4
20 90 93 164 151 12
6 39 91 75 66 2
41 18 28 28 29 4
23 28 14 13 13 4
79 72 70 44 54 3
23 18 29 16 24 4
33 19 25 11 17 2
29 70 114 117 87 10
1 34 90 73 91 4
75 82 33 50 42 4
37 49 74 39 38 3
21 23 16 10 21 3
51 64 90 40 86 4
70 54 76 64 89 4
55 28 23 26 11 4
36 87 60 48 77 3
25 15 18 19 28 4
39 55 98 117 63 7
70 156 122 60 112 12
19 80 40 82 89 3
66 62 72 61 67 3
44 158 125 130 83 13
77 68 85 80 46 2
67 25 21 21 17 3
70 120 114 151 159 8
44 37 72 59 78 2
75 41 53 44 32 3
61 66 58 47 36 3
14 71 85 78 68 3
35 97 126 69 132 11
28 70 56 42 78 3
23 124 162 76 149 14
15 27 20 10 14 4
3 146 73 113 56 12
13 110 67 120 160 9
79 57 57 74 84 3
39 75 65 65 50 2
15 51 43 75 80 3
59 160 62 76 57 12
66 95 54 72 79 3
33 56 58 61 36 3
1 58 59 91 61 3
31 15 25 13 14 3
61 37 73 76 57 2
17 10 18 10 15 2
9 74 74 62 48 2
37 25 18 23 29 4
63 26 9 19 18 3
42 60 58 46 66 4
14 75 135 129 56 6
32 78 154 125 150 9
57 155 59 83 160 7
7 104 75 101 115 13
73 74 85 39 82 4
59 39 51 58 35 3
21 34 69 60 90 2
68 92 42 94 32 4
65 85 42 37 74 3
67 43 65 37 46 3
38 101 79 147 102 5
41 162 80 57 65 8
77 22 17 9 19 3
56 21 18 17 10 2
26 74 49 82 51 3
23 14 19 11 20 4
45 90 61 48 39 4
31 91 54 74 94 4
63 35 67 42 77 4
45 149 102 150 135 12
52 23 19 24 20 4
20 81 75 50 81 3
79 55 85 69 40 2
3 23 23 18 20 4
57 139 103 68 68 14
15 154 77 97 59 12
78 64 96 62 35 2
54 36 90 32 49 3
51 95 77 66 66 12
28 160 158 127 149 13
77 32 64 65 61 2
45 120 82 153 105 13
69 58 94 54 67 3
41 79 80 63 70 3
43 23 20 21 29 3
35 60 36 44 58 3
72 85 65 57 68 2
38 33 96 57 65 4
52 16 21 20 13 3
2 61 34 42 42 3
77 97 150 94 113 8
56 12 23 16 10 3
0 20 26 22 24 3
14 164 131 98 90 13
42 20 17 25 24 4
53 26 25 18 14 3
13 83 87 37 92 3
68 25 11 26 19 2
20 16 26 27 16 3
0 59 60 55 60 4
54 23 14 14 16 2
50 82 97 92 66 2
6 75 123 133 146 12
22 24 23 10 11 4
10 13 18 19 24 4
29 60 77 88 44 2
36 22 13 19 11 2
49 64 40 42 49 2
53 56 42 83 84 4
22 81 74 87 100 8
33 21 25 11 14 4
65 23 14 11 10 2
76 82 69 72 71 4
40 14 21 19 17 4
27 126 95 136 80 13
68 52 50 73 70 4
25 90 44 65 92 4
0 59 147 161 142 11
51 15 24 21 17 4
63 141 115 119 126 7
51 91 59 32 84 3
32 58 95 59 74 3
73 20 17 21 15 2
26 43 77 64 43 2
50 11 24 17 10 3
56 25 17 23 15 3
48 18 25 20 14 4
56 15 19 12 19 3
65 74 79 84 94 3
36 57 47 38 80 3
22 50 59 88 89 3
7 37 50 63 85 3
73 95 33 32 36 3
64 49 54 44 53 4
17 17 13 28 15 2
69 62 77 94 75 4
67 73 86 38 63 4
76 18 19 11 21 2
45 57 73 54 44 3
71 17 27 27 14 2
60 24 12 20 15 4
26 64 75 89 84 4
32 55 54 93 43 3
66 71 70 41 65 4
16 15 19 26 10 3
34 149 159 153 156 13
69 35 77 85 87 3
19 39 73 52 52 4
24 18 18 18 17 2
26 80 58 83 57 3
36 42 65 35 68 4
58 11 23 18 12 4
53 41 88 66 39 4
60 18 20 26 14 4
49 86 45 74 45 4
20 95 60 77 90 4
13 24 15 28 23 4
79 136 116 64 121 14
7 70 72 54 52 2
69 15 13 23 12 4
75 86 60 45 47 3
45 24 25 11 19 3
73 93 33 54 88 4
28 137 155 102 108 10
11 49 36 85 39 3
58 12 10 10 22 2
29 53 78 68 82 4
77 25 12 28 11 3
37 161 103 94 124 5
19 20 25 25 19 4
43 48 55 84 35 4
9 79 53 61 91 2
38 57 68 49 48 4
74 15 21 21 24 3
72 76 80 74 94 3
61 88 33 51 56 2
24 39 32 57 52 4
2 23 11 24 22 3
44 49 84 96 64 4
58 11 21 11 16 3
48 75 87 39 79 3
58 77 72 80 60 2
47 23 16 25 28 3
79 27 21 29 26 4
33 105 111 112 55 10
29 15 26 11 15 4
71 92 35 33 37 4
3 28 26 13 21 4
46 150 61 128 78 8
60 18 14 13 21 3
74 48 97 34 63 4
55 52 46 34 64 4
1 89 66 79 44 2
40 39 79 85 63 3
35 71 79 42 62 4
46 83 91 87 96 3
37 126 165 59 92 5
15 13 17 12 15 3
8 75 135 155 148 10
12 37 77 68 40 4
61 68 38 89 52 3
68 58 43 56 61 3
49 12 22 13 16 3
34 147 62 87 108 8
2 62 55 50 49 4
16 36 68 69 32 4
43 137 62 58 136 8
19 136 150 131 155 12
31 54 42 41 96 4
39 101 158 98 161 6
5 16 20 10 12 2
55 10 22 20 16 3
57 93 71 66 34 3
63 26 13 18 24 3
12 24 12 14 10 3
18 44 58 79 66 2
23 19 19 15 22 3
63 74 70 74 38 3
19 121 123 105 101 7
48 24 15 25 16 4
2 65 84 91 41 4
21 28 25 23 17 3
75 39 91 75 53 4
9 127 67 112 73 11
53 68 46 79 90 3
59 59 55 55 36 2
45 52 45 86 88 3
49 96 87 47 64 2
47 67 157 68 162 12
48 53 40 34 67 4
44 28 13 18 15 3
57 15 14 27 27 4
54 47 50 35 81 3
61 15 22 18 24 2
69 62 90 72 33 4
17 133 143 125 59 12
11 46 72 73 93 2
60 13 16 24 28 3
77 15 21 10 12 4
22 60 50 47 79 4
52 9 24 21 15 4
17 19 18 10 20 3
32 22 26 13 14 4
54 53 34 36 93 4
10 63 40 42 73 3
8 15 26 26 24 3
5 11 10 11 16 3
16 23 11 12 22 3
17 22 20 18 20 3
14 15 14 23 15 3
47 24 19 21 12 3
53 22 22 11 24 4
64 27 12 24 12 2
3 44 36 44 73 3
70 137 151 55 138 7
0 14 28 23 26 2
42 48 54 63 67 4
35 40 37 94 70 3
57 28 18 25 20 4
72 26 14 27 19 3
51 70 144 152 122 12
22 13 24 28 17 2
10 28 10 23 21 4
57 64 61 65 85 3
42 23 27 23 11 4
67 70 92 85 84 3
20 57 91 83 39 3
67 25 12 15 27 4
4 90 130 135 80 14
66 27 10 11 16 4
14 64 60 57 42 3
16 42 90 46 42 4
39 120 161 77 79 12
42 11 25 11 19 3
22 97 40 83 85 2
78 121 70 162 76 14
43 24 10 16 23 4
42 89 72 34 37 2
23 55 91 72 88 2
12 60 72 48 97 3
13 59 71 83 86 4
22 69 86 50 93 4
10 74 52 35 36 4
65 24 22 11 16 3
46 43 54 36 89 3
59 18 12 11 27 4
35 19 12 13 15 3
38 87 83 92 59 3
78 82 59 64 94 4
21 40 39 94 32 3
20 87 93 96 34 2
69 28 17 14 24 2
27 58 96 39 64 3
0 88 35 92 46 4
56 153 96 148 116 5
36 78 56 76 96 3
20 102 101 157 72 14
10 12 14 22 14 4
70 77 159 69 106 9
21 32 43 87 62 2
61 83 72 69 94 3
41 72 59 58 40 3
54 76 96 61 37 3
19 57 95 41 95 3
40 91 84 61 76 4
50 69 68 76 125 14
24 16 25 21 17 2
16 42 60 86 43 3
7 56 53 95 45 3
53 34 73 66 36 4
69 92 74 38 44 4
59 54 47 68 86 4
30 23 10 28 28 3
55 146 112 79 99 13
62 112 74 105 71 7
52 27 16 14 21 4
48 13 12 20 11 3
12 130 114 58 161 14
53 123 153 152 156 7
77 69 40 35 50 3
46 82 70 58 112 14
6 27 23 12 25 4
11 95 72 76 60 2
9 84 37 41 71 4
21 84 34 54 36 2
17 77 92 42 52 2
74 22 13 27 14 4
2 143 115 139 141 14
60 127 135 72 145 6
52 41 93 78 94 4
6 9 23 14 9 4
23 34 90 60 38 3
22 96 81 37 81 3
10 59 52 89 62 4
74 23 13 17 27 3
43 19 22 23 15 3
19 47 65 80 36 4
56 69 88 74 91 2
55 58 54 39 88 2
37 151 70 165 137 10
14 53 91 64 96 3
79 158 150 144 135 9
77 15 11 18 15 4
56 78 34 35 84 3
78 74 80 33 49 2
33 63 81 91 80 4
11 54 57 41 68 2
51 14 22 18 26 2
67 90 42 61 49 4
47 41 34 52 81 2
73 60 33 55 83 2
61 63 36 93 86 4
34 58 35 89 51 3
2 39 58 46 39 2
34 43 71 61 84 3
79 75 72 73 48 4
25 23 25 27 23 2
6 76 46 70 47 2
34 44 37 92 60 4
12 137 71 86 155 10
39 73 95 68 52 3
35 9 12 12 25 3
41 74 64 52 35 2
48 145 83 82 118 5
3 32 73 77 38 4
23 96 77 89 44 3
4 55 67 69 91 3
43 61 57 46 83 4
5 71 73 48 93 2
46 10 11 12 13 2
58 72 42 54 80 3
62 14 21 19 23 4
6 13 13 28 14 2
6 84 57 33 94 4
7 64 32 50 48 2
72 98 152 125 155 14
18 14 14 21 15 4
38 64 116 157 80 7
49 26 15 24 18 4
9 78 89 61 46 4
47 75 56 45 46 4
25 93 100 132 72 5
10 67 143 73 118 10
8 66 47 74 54 3
56 97 56 56 59 3
7 60 141 150 62 9
62 65 142 108 90 8
78 26 11 28 22 4
6 16 23 14 26 2
26 158 89 134 140 10
18 74 86 84 90 3
8 12 18 17 12 4
39 46 38 66 95 4
3 81 76 48 33 2
52 91 35 44 96 2
8 17 13 23 19 2
31 42 38 55 75 2
16 110 116 129 89 8
50 38 72 40 47 2
65 10 27 27 10 4
38 60 74 35 41 3
7 73 64 77 52 4
0 18 12 19 18 3
59 80 69 34 39 4
28 32 32 74 43 4
16 65 76 86 89 3
64 29 16 27 19 4
65 61 59 79 77 4
68 28 28 26 27 4
15 79 34 37 48 2
38 55 119 85 101 5
29 12 13 23 19 2
66 28 26 18 12 3
7 49 35 65 52 3
38 95 58 144 143 8
73 25 17 13 28 4
77 20 14 22 22 4
8 26 12 19 18 3
27 125 160 73 153 7
1 12 14 23 16 3
51 90 58 64 41 2
36 94 78 141 147 6
5 23 13 24 13 2
28 165 118 138 83 14
30 21 27 21 12 2
19 60 42 72 56 3
13 27 11 15 12 4
52 89 34 79 41 4
73 86 76 61 91 2
67 33 56 75 95 4
76 28 24 28 12 3
4 94 38 39 58 3
4 16 24 19 27 4
42 9 11 25 14 4
79 146 81 121 94 14
62 101 60 105 145 12
76 146 163 110 146 8
33 64 52 87 68 3
27 70 82 34 36 2
18 9 18 10 25 4
64 18 25 15 10 3
5 72 45 72 53 4
34 47 70 45 86 3
46 15 27 26 26 4
63 57 86 46 79 2
54 22 26 26 11 3
2 21 16 25 20 3
2 89 88 68 35 3
20 16 12 14 16 2
42 66 82 88 73 3
67 109 155 146 164 13
32 67 79 54 76 3
26 10 19 15 11 3
54 22 24 10 25 3
52 17 14 25 24 3
25 123 102 86 156 12
5 102 71 119 105 13
10 156 106 116 70 6
79 134 109 64 156 5
71 23 11 11 16 4
13 70 49 55 94 2
36 163 119 141 103 7
74 83 40 80 52 3
1 21 16 26 21 3
5 53 83 95 60 4
4 75 83 33 80 4
54 94 50 52 52 3
11 80 39 46 54 4
24 40 83 50 53 4
76 25 25 27 26 2
64 79 63 49 44 3
43 58 67 92 75 4
49 37 38 95 50 2
55 10 10 25 17 3
40 66 33 38 79 4
12 76 128 104 84 12
78 80 83 69 82 4
50 26 20 13 24 4
66 80 156 153 95 11
30 20 23 21 23 4
0 72 60 80 68 3
41 62 45 53 71 2
69 35 33 84 78 4
31 49 84 80 58 3
74 64 79 82 83 4
37 112 79 98 71 10
9 128 106 128 153 13
76 94 93 73 51 2
73 28 13 23 11 4
28 94 63 77 89 4
10 105 117 127 79 7
32 48 71 60 95 3
1 97 160 156 127 8
50 97 62 43 67 3
3 77 80 58 44 3
40 75 33 72 51 2
71 95 77 72 75 4
71 20 17 16 27 3
50 44 38 45 49 4
58 74 39 46 96 3
74 61 158 122 78 8
65 17 25 26 22 3
48 10 12 13 14 3
25 68 88 59 65 4
71 96 72 36 39 3
57 113 135 122 101 8
12 16 27 14 24 3
52 93 82 71 63 4
17 20 12 13 24 3
56 20 28 10 10 2
42 47 36 69 59 4
54 139 123 146 118 14
76 33 63 95 52 2
47 40 88 94 58 2
24 19 28 23 12 3
68 87 39 56 45 3
41 66 38 93 91 3
54 45 94 45 33 4
33 10 24 25 20 3
71 34 65 66 66 4
28 127 128 110 121 8
19 55 89 88 78 4
13 51 71 66 36 3
36 19 24 11 14 4
50 47 44 59 90 3
42 158 76 66 76 12
0 80 38 79 96 4
31 16 15 18 13 3
38 13 28 22 13 4
72 88 88 68 57 3
11 16 27 11 15 4
49 92 43 93 39 3
36 38 77 65 42 4
4 163 105 129 80 14
75 34 45 60 87 4
31 118 82 65 124 7
60 28 29 19 13 4
30 36 49 80 50 4
8 162 147 138 109 14
69 64 41 59 44 2
39 145 165 106 160 12
18 97 93 43 54 4
72 9 20 26 28 2
32 82 66 82 94 4
75 95 120 73 91 6
62 162 155 97 142 9
65 43 78 34 87 4
73 77 73 52 81 3
39 67 74 45 36 4
17 42 65 58 61 3
77 94 70 134 142 5
19 138 139 116 126 5
5 37 51 52 86 3
64 67 59 45 77 2
15 28 24 25 18 4
17 46 45 58 74 4
71 96 39 75 49 4
62 41 46 36 53 4
40 28 24 14 22 4
27 72 48 44 94 4
30 94 59 80 71 3
8 42 90 37 64 3
75 49 35 82 80 4
71 142 143 138 137 12
2 90 50 96 84 3
4 67 97 56 94 4
11 48 63 49 39 4
11 21 21 25 26 2
37 77 84 162 144 9
41 91 48 88 77 4
44 164 76 120 159 13
59 88 47 45 60 3
3 136 165 131 103 12
51 20 12 23 12 3
58 106 149 97 153 11
58 121 66 67 59 8
62 72 70 64 92 4
52 79 57 49 36 4
46 77 136 147 150 5
53 24 12 26 27 3
44 49 42 43 50 2
18 10 26 26 21 4
40 37 85 68 96 3
18 25 19 13 23 4
53 79 55 74 38 2
45 15 14 20 21 4
59 16 27 21 20 4
43 33 63 55 91 3
66 57 48 54 86 3
76 58 135 82 156 9
21 18 18 16 12 3
46 77 94 40 93 4
5 19 14 19 27 2
14 125 105 121 143 8
47 89 114 154 136 9
0 78 89 64 60 3
24 63 52 34 33 4
1 22 24 24 13 3
24 101 144 76 94 14
74 29 16 28 14 3
62 22 23 11 26 4
29 100 150 74 127 9
65 12 10 14 15 4
78 19 15 13 13 3
58 39 79 71 83 4
27 47 56 84 79 4
25 16 22 17 26 4
60 77 84 80 63 4
36 11 17 26 10 2
35 23 20 23 14 4
21 16 20 27 21 3
17 21 23 11 12 3
33 25 14 24 25 2
9 165 152 58 91 9
62 70 82 91 90 2
32 61 147 154 64 12
34 18 29 17 20 3
34 25 23 12 24 2
35 21 13 17 10 4
29 11 11 12 14 4
24 56 56 73 51 4
70 152 124 75 98 9
4 156 70 133 55 11
72 96 44 69 67 3
1 67 54 73 52 3
6 80 92 77 86 3
67 21 19 13 26 4
27 64 86 49 51 2

