4
250
1 480 182 848 410 326 109 535 237
18 396 132 315 402 100 35 82 61
20 988 829 742 1036 230 103 120 94
9 79 62 167 168 13 6 18 11
1 448 143 167 467 95 38 34 40
5 731 647 746 404 402 393 651 217
23 588 109 230 391 578 63 186 266
20 85 146 196 86 69 91 99 44
3 313 309 345 869 43 69 79 157
14 148 104 200 128 98 66 192 102
8 683 604 654 156 104 95 45 14
6 345 693 472 421 65 185 66 90
18 674 521 211 162 164 28 18 25
22 415 148 222 650 242 137 219 558
15 134 160 151 30 20 15 23 2
3 438 426 518 434 42 30 35 57
23 407 374 478 402 70 64 131 87
19 100 169 56 84 25 26 5 16
16 605 310 325 247 568 260 293 167
5 585 252 763 949 567 149 554 796
4 144 140 91 45 109 89 45 25
13 137 248 124 430 107 137 117 283
0 348 145 690 313 96 26 176 76
3 525 171 401 160 157 20 66 35
8 249 592 537 472 71 118 104 61
17 528 176 638 589 409 168 338 543
12 1176 409 957 671 1127 373 815 411
19 388 382 630 201 20 94 35 39
18 503 918 1044 365 30 149 96 98
17 44 101 105 209 29 91 101 150
17 171 87 203 116 116 84 104 97
16 788 502 858 1044 210 100 125 131
23 476 466 240 422 324 350 179 213
7 554 148 555 454 136 24 99 29
15 139 192 52 35 127 147 38 27
0 394 289 166 571 82 20 26 80
4 1114 663 963 226 119 156 60 26
15 474 311 418 263 65 32 67 16
20 417 1022 1163 732 46 157 225 143
9 177 101 102 209 122 59 67 118
2 87 47 117 190 15 10 14 47
21 445 383 341 219 50 26 73 48
17 398 268 342 514 207 255 177 288
9 197 271 186 205 52 22 55 23
3 200 56 31 146 59 13 5 31
10 183 511 432 258 163 291 398 172
13 165 39 187 122 14 8 51 28
4 1091 629 885 388 94 145 97 47
21 1030 656 581 513 168 41 67 108
10 537 247 535 445 336 155 376 294
0 1140 312 784 1023 748 244 702 545
3 124 81 184 208 8 22 18 49
9 689 380 208 156 77 27 19 20
14 597 315 112 624 305 263 106 504
4 403 729 492 1037 70 114 75 114
5 225 243 642 191 192 189 520 161
23 380 234 589 215 246 117 485 141
16 431 447 526 144 403 277 479 140
10 182 61 147 120 96 53 74 62
18 96 51 202 39 67 41 106 27
6 595 228 560 407 68 61 78 56
21 149 151 76 173 95 109 75 105
11 38 56 171 147 36 33 109 127
2 408 512 580 220 58 105 85 46
0 158 132 82 108 118 112 61 77
1 95 129 105 131 93 126 74 89
10 102 185 58 209 76 146 49 105
0 568 660 516 259 379 606 445 227
0 698 476 193 495 373 247 153 378
11 1076 210 1035 513 95 33 236 52
14 938 209 995 523 578 133 796 457
21 240 233 491 213 237 212 257 116
12 204 77 159 204 36 15 17 55
9 45 186 165 56 9 25 33 9
6 102 61 43 101 20 10 10 16
21 1172 640 550 173 764 337 490 87
10 1012 265 864 550 81 33 80 40
24 205 150 334 681 133 120 195 383
5 267 232 221 499 71 62 56 31
24 246 256 912 873 162 163 700 686
1 589 109 288 302 576 108 189 259
4 670 351 590 265 71 82 53 27
3 608 492 548 507 371 359 456 296
17 253 690 1023 1026 52 151 270 200
6 291 364 578 167 202 271 547 106
7 153 54 38 122 18 4 10 18
2 90 184 91 148 19 44 19 42
17 83 43 52 197 20 7 11 17
0 171 161 618 219 151 118 574 148
8 536 823 269 477 432 786 159 309
1 82 115 30 102 15 33 2 28
16 373 198 338 521 89 19 66 31
4 631 841 1103 256 106 72 205 45
19 156 49 144 61 14 10 11 18
20 1051 473 949 1046 69 126 233 125
22 697 369 674 434 134 58 39 128
13 204 58 84 85 10 11 6 17
7 33 37 164 177 24 34 91 173
8 102 111 56 66 8 33 3 15
8 613 461 632 611 182 107 32 54
5 497 694 442 547 388 646 293 375
12 515 243 278 569 406 121 266 335
11 465 595 476 658 412 559 258 570
24 148 655 259 528 15 191 20 29
9 1157 340 1179 980 124 19 330 284
20 189 89 147 80 135 53 132 61
10 114 51 43 114 109 26 38 101
19 381 452 556 261 198 398 521 219
2 464 498 665 520 290 439 508 311
2 174 85 202 30 169 71 155 16
9 85 116 176 96 54 114 97 74
23 597 694 174 230 471 457 124 143
4 441 119 258 693 346 108 218 674
15 143 201 62 165 17 16 10 28
15 1058 574 1067 195 532 370 1009 133
14 122 202 115 90 9 35 20 15
12 420 535 655 251 80 157 196 75
19 442 429 247 571 89 41 48 145
22 112 358 533 161 9 62 51 37
11 375 1168 1055 952 74 148 119 155
10 533 545 316 261 283 495 259 233
18 766 224 844 982 87 12 106 106
16 164 100 146 151 21 12 40 27
1 178 542 424 650 127 300 234 610
5 982 920 390 305 816 508 255 202
24 227 276 404 368 192 246 263 303
16 691 933 183 217 662 640 124 171
20 87 143 106 114 25 30 17 10
7 676 514 423 570 594 319 233 412
10 333 167 136 599 235 98 125 519
2 346 348 273 619 103 31 41 140
11 465 464 687 205 263 428 637 146
2 310 276 197 212 177 275 161 210
9 966 1168 569 318 901 595 561 233
6 1041 814 1050 1176 813 493 1013 1051
4 559 140 171 184 33 26 9 41
14 174 153 85 198 141 82 55 178
1 608 593 365 398 427 451 279 390
23 213 231 496 647 168 122 309 360
6 72 202 48 174 48 187 47 133
12 83 148 89 34 76 99 76 30
8 808 985 562 779 714 921 559 538
12 133 94 121 90 21 21 17 21
2 800 624 656 316 616 429 564 293
13 251 493 1039 904 179 380 1019 751
24 150 194 45 179 22 55 2 36
14 172 39 82 120 14 11 15 25
3 85 161 177 113 70 84 142 82
17 564 656 112 639 457 623 81 632
16 319 440 895 943 42 104 130 171
5 1181 706 259 794 133 168 72 201
22 97 146 189 159 78 78 162 107
5 897 1182 1086 1077 863 630 699 952
22 262 180 596 481 220 153 354 350
18 321 142 356 358 295 83 195 312
5 147 501 632 443 81 375 453 414
9 570 402 210 316 404 268 209 241
16 140 444 579 316 23 60 129 91
17 835 581 310 904 114 34 16 57
21 361 1008 302 269 71 230 22 60
19 861 273 995 714 504 186 844 368
10 798 900 265 196 517 533 215 150
13 178 46 86 163 153 32 61 159
24 151 185 182 180 137 106 99 158
16 551 642 406 354 482 333 287 344
12 208 273 400 413 52 32 74 84
13 1137 578 343 541 271 108 63 120
1 130 505 210 582 14 71 55 153
7 355 410 447 693 86 79 29 143
24 282 419 646 488 79 110 133 133
0 155 629 592 589 131 363 466 526
8 470 775 692 246 98 185 199 40
3 1093 212 783 464 719 145 505 277
22 99 146 55 149 18 42 6 25
12 496 1185 396 351 80 60 63 86
22 623 527 545 698 152 150 115 112
0 496 1165 384 969 324 938 224 824
23 552 478 572 980 124 41 112 195
13 359 322 638 105 99 18 41 15
22 378 1034 474 423 271 714 426 265
21 557 445 395 621 355 267 334 445
18 92 104 197 157 13 11 39 28
6 510 495 308 340 111 135 20 52
14 133 196 99 161 93 195 55 155
13 451 430 698 486 55 32 48 126
19 246 421 369 229 178 356 202 143
3 669 378 357 624 342 347 223 345
10 81 45 159 174 78 44 118 125
20 293 698 687 501 60 159 134 56
15 95 104 109 151 10 17 28 10
21 660 435 316 212 552 244 250 143
11 486 456 345 358 74 78 27 42
15 662 162 598 203 104 34 65 37
15 123 606 506 609 8 56 119 65
23 185 105 118 55 112 68 87 43
5 73 44 184 147 8 10 38 14
7 558 378 388 550 436 336 298 345
7 92 55 68 65 65 34 51 52
17 506 177 314 621 466 104 166 375
12 564 214 462 152 387 209 421 128
14 314 589 611 169 21 61 134 17
20 793 252 512 852 162 47 144 116
22 468 1102 272 1111 107 177 69 189
22 500 662 490 390 94 88 118 60
6 522 472 336 604 123 78 36 82
14 655 156 523 407 343 98 379 252
14 728 955 995 952 485 595 573 910
13 714 747 823 1022 465 649 548 963
1 506 206 145 323 485 198 122 294
3 1046 1013 1088 781 742 826 740 666
8 126 81 192 179 83 65 141 169
24 139 131 78 59 96 121 69 43
7 541 1094 367 1003 519 782 228 972
18 47 154 46 197 24 100 25 120
18 563 252 255 330 417 233 202 326
8 384 1090 962 1184 284 579 864 994
24 202 34 177 47 167 26 147 38
4 74 98 80 40 50 54 45 38
16 50 128 108 209 4 15 9 37
7 462 435 1139 591 395 417 731 443
7 62 39 157 51 42 23 151 50
11 690 110 509 685 56 32 73 110
17 177 142 191 37 40 40 43 8
24 70 50 32 163 19 4 8 40
15 575 412 117 456 556 319 66 281
8 62 108 158 54 34 86 109 52
20 238 350 1118 360 197 186 997 292
21 51 65 39 54 10 12 6 10
2 152 173 91 181 44 44 18 33
0 429 481 677 417 379 346 574 330
19 277 490 446 288 66 66 121 68
20 1001 855 177 1118 244 238 36 217
21 36 56 185 187 8 4 14 25
15 661 691 547 108 634 432 277 72
6 275 589 522 372 54 147 86 72
11 265 621 223 653 194 551 174 348
11 923 201 339 695 914 200 225 525
23 98 79 117 168 69 44 87 121
23 373 174 106 606 45 18 17 148
18 1027 213 450 1006 116 23 74 167
12 803 305 299 1184 138 33 36 183
19 805 1133 1105 531 80 336 323 70
4 631 282 516 124 87 58 107 32
11 489 1092 984 887 310 704 728 508
6 598 1056 324 1071 524 1044 251 685
13 624 196 197 539 601 159 116 456
2 199 130 72 91 26 30 17 13
1 198 69 130 145 43 17 10 38
9 328 613 336 473 282 320 291 471
19 73 122 89 142 8 21 6 24
80
7
7
7
6
5
1
2
2
7
2
9
6
7
2
5
3
5
8
1
6
3
1
3
9
1
9
1
1
1
1
1
1
1
1
1
1
1
1
1
1
1
1
1
1
1
1
1
1
1
1
1
1
1
1
1
1
1
1
1
1
1
1
1
1
1
1
1
1
1
1
1
1
1
1
1
1
1
1
1
1
800
56 91 91 82 76 2
3 79 93 33 72 4
3 124 144 109 58 5
20 12 25 13 11 3
70 40 87 73 88 2
7 14 15 13 20 4
79 42 41 76 54 4
17 23 11 23 16 2
49 21 19 22 17 4
58 140 78 121 127 12
61 81 80 37 72 2
44 27 24 22 20 4
78 76 64 61 62 3
33 82 153 76 113 11
63 24 26 21 28 4
73 116 120 64 162 10
31 79 73 63 93 3
16 13 26 28 18 4
61 16 20 23 14 3
38 32 62 88 78 3
18 50 53 39 90 2
7 56 35 76 70 3
36 131 134 100 104 9
49 79 58 54 35 4
28 156 79 97 147 11
75 34 80 87 87 3
66 65 86 58 75 2
10 40 92 33 65 4
25 94 141 140 112 8
23 17 11 25 16 4
36 75 74 58 94 4
61 93 92 76 59 4
64 75 39 48 90 3
13 58 67 88 97 4
74 15 11 28 24 3
77 23 21 28 17 3
45 14 15 16 13 3
65 40 49 55 49 3
72 58 78 125 103 10
49 75 60 80 55 3
35 55 37 51 71 3
73 67 92 40 74 4
66 25 23 11 22 4
22 52 87 53 39 4
4 75 74 46 49 3
71 83 94 129 104 8
53 10 20 11 19 4
45 45 72 35 93 2
16 62 33 74 46 3
54 14 12 20 27 3
32 76 75 67 35 4
44 86 91 82 57 4
19 61 61 58 71 4
14 15 28 28 23 4
55 36 96 51 39 4
45 40 44 81 52 4
60 83 103 64 90 6
2 24 25 13 16 2
4 84 75 46 37 4
76 18 21 26 28 4
41 26 19 26 19 2
29 95 59 87 42 3
69 159 65 77 77 13
47 22 10 20 12 4
79 13 16 18 12 2
47 28 27 29 12 3
75 102 105 145 83 14
55 14 28 18 22 3
1 28 13 26 12 3
59 41 40 78 74 3
5 52 39 59 58 4
28 124 66 123 104 9
18 95 71 61 39 3
74 68 43 38 62 3
68 155 117 122 71 10
41 28 17 11 19 4
59 27 14 11 15 4
30 66 88 62 66 3
58 123 76 163 142 13
58 13 12 28 14 3
78 22 20 14 24 4
6 60 92 93 39 3
75 28 27 20 21 4
1 69 82 96 53 3
42 53 97 36 47 3
79 32 67 68 93 4
58 151 114 114 137 13
35 97 74 111 125 13
46 152 129 136 152 14
1 13 24 29 29 4
70 78 111 121 157 10
72 52 78 91 35 3
41 136 79 163 128 12
28 10 11 22 25 3
22 76 82 57 62 3
64 90 143 131 97 14
77 17 10 15 11 3
40 33 46 52 59 3
32 27 26 25 22 3
7 94 66 62 70 4
62 147 150 145 154 11
22 38 67 49 49 4
52 86 90 82 47 4
70 51 53 73 51 4
34 88 62 91 72 4
32 33 38 76 85 3
76 96 54 38 92 4
20 81 64 35 53 3
7 63 95 58 42 4
29 78 45 70 95 4
66 92 77 69 93 2
52 19 9 28 17 2
32 26 15 14 15 2
40 84 73 97 64 4
38 43 54 52 62 4
63 75 41 72 59 4
65 34 61 46 52 4
36 25 28 19 28 4
13 44 65 32 51 2
4 132 125 161 83 14
0 75 32 62 90 4
52 86 73 96 37 3
77 115 65 57 86 9
45 84 38 43 58 2
31 94 81 44 64 4
76 14 21 21 26 4
49 91 77 47 72 3
55 21 26 22 29 4
72 97 130 106 136 14
16 40 61 62 69 3
4 91 61 60 68 4
23 85 93 110 148 10
11 62 66 92 69 2
44 23 16 27 28 3
43 12 11 25 16 4
8 49 75 72 37 4
48 131 90 114 102 7
41 92 57 88 51 4
73 24 10 28 21 3
66 80 51 69 35 3
63 90 84 50 44 3
11 78 77 84 68 4
55 54 77 61 67 3
18 82 64 55 86 3
32 56 34 53 76 2
24 24 24 21 29 3
7 87 54 81 69 3
17 14 22 22 10 4
40 91 44 42 94 2
20 80 72 35 84 2
41 13 22 19 27 3
15 78 81 91 33 3
77 88 70 34 94 2
39 78 37 67 89 4
10 68 82 35 55 3
6 19 10 10 20 4
12 126 85 152 80 9
49 16 26 20 13 3
21 38 35 50 63 4
51 15 14 10 16 4
20 95 61 69 47 2
79 41 60 68 72 4
57 64 58 93 33 4
2 17 19 12 9 4
4 24 13 21 11 3
6 22 25 15 22 3
30 61 85 83 69 3
42 22 18 26 17 4
49 24 21 28 10 3
15 36 75 43 48 3
69 46 78 48 80 4
58 47 49 79 86 3
69 20 10 19 24 4
35 87 151 93 57 7
10 14 14 26 26 4
53 81 54 80 69 4
68 67 58 57 154 8
37 65 85 71 74 3
73 81 39 62 70 4
36 73 88 54 86 3
23 89 47 86 77 2
12 143 152 128 139 10
25 111 143 128 123 10
17 16 24 22 25 3
21 80 86 75 51 4
75 55 59 72 45 3
5 75 92 89 52 4
54 20 14 27 15 4
37 22 28 10 25 4
29 16 27 27 10 4
12 17 19 21 23 2
42 20 22 27 19 2
44 46 41 80 49 4
21 89 48 43 60 4
27 57 60 67 66 3
77 23 16 20 26 2
15 22 12 21 19 3
1 37 55 77 80 3
42 162 125 160 97 6
78 43 72 45 61 3
30 127 91 110 87 12
53 39 51 81 37 4
67 106 85 94 67 7
29 94 63 90 72 3
2 57 53 90 91 2
8 10 13 12 22 2
68 16 26 14 18 2
67 65 77 34 54 4
54 11 15 17 16 4
11 27 12 26 24 4
58 85 75 90 75 3
69 36 42 36 54 2
22 16 14 25 15 3
19 16 20 10 11 3
8 55 82 95 47 3
7 77 46 39 61 3
68 88 135 74 84 13
51 45 96 89 42 4
77 92 78 55 52 2
57 148 131 154 110 14
60 94 124 138 65 7
54 16 27 25 13 2
0 28 29 21 28 3
69 72 44 78 82 3
45 55 62 42 37 4
38 151 151 115 88 10
13 93 40 85 58 3
32 82 77 62 86 4
13 56 103 59 120 5
56 11 14 16 22 4
64 63 50 89 61 2
3 33 70 59 55 4
7 56 92 70 53 4
15 36 45 74 78 4
57 25 11 10 21 4
18 18 17 24 16 3
25 34 50 84 52 2
74 77 56 91 46 4
40 54 78 91 38 3
66 83 104 164 125 14
57 62 63 81 58 4
46 48 53 72 44 4
1 42 93 95 61 4
12 22 20 13 15 4
17 15 22 13 11 4
43 10 11 21 20 3
58 61 53 44 64 3
12 19 24 21 20 3
47 60 68 57 50 3
6 35 75 41 57 3
13 47 34 94 87 3
17 79 95 34 92 3
67 86 96 71 66 3
5 156 120 119 128 6
76 35 51 86 71 4
31 18 18 13 23 4
67 155 96 60 118 5
30 67 38 38 93 2
54 101 148 109 101 6
58 58 66 49 83 3
21 26 25 19 24 4
28 134 118 157 149 14
33 37 45 92 57 4
8 108 123 154 148 8
57 15 22 10 15 3
34 161 77 93 86 5
43 11 17 23 26 3
30 85 78 65 77 2
55 88 95 91 49 3
7 54 59 94 33 4
17 147 68 80 134 5
59 54 84 96 47 2
72 28 10 25 11 4
52 75 72 38 79 4
36 20 13 27 15 3
25 142 157 102 159 6
43 51 47 48 44 4
44 72 58 94 65 3
59 26 20 28 17 2
42 70 93 57 94 2
26 45 79 75 88 3
48 26 24 28 15 2
16 81 76 52 46 4
61 79 87 60 59 3
42 70 138 141 127 8
41 78 55 59 46 3
35 69 60 51 97 4
0 34 61 34 36 3
0 57 145 154 135 8
10 68 73 35 69 3
10 68 76 50 73 2
69 10 25 16 29 4
1 78 81 70 91 4
77 39 76 51 63 3
77 51 64 94 82 3
65 20 15 20 13 3
75 80 39 35 92 4
64 80 56 64 44 3
68 48 42 82 87 4
71 20 18 11 20 3
60 110 154 79 67 6
33 55 68 86 57 3
67 15 16 26 24 2
67 59 36 86 92 3
47 12 17 26 14 3
39 64 82 53 39 4
27 12 21 14 23 3
74 57 72 45 74 4
63 57 87 73 57 4
61 56 72 92 90 3
58 64 101 119 156 11
69 65 47 80 40 2
56 56 89 87 32 2
55 84 35 73 83 4
72 75 88 80 55 4
33 22 10 27 17 4
53 27 14 13 15 2
26 14 17 14 21 3
66 74 88 76 85 3
22 20 15 10 12 3
49 12 22 25 15 3
65 58 64 66 56 4
20 15 24 12 19 3
20 17 22 21 17 3
45 43 91 72 90 3
11 25 22 19 14 3
0 54 38 51 61 3
53 78 41 92 52 4
42 128 150 154 121 13
3 59 81 35 44 2
37 12 14 23 25 3
76 140 104 68 104 13
8 21 12 16 28 3
13 14 28 18 14 4
19 111 104 78 149 13
60 157 138 66 103 7
11 49 76 65 83 3
67 36 32 49 91 3
33 13 17 14 15 2
56 26 28 19 24 3
13 21 15 19 9 4
32 20 17 21 26 4
50 23 18 14 26 3
9 83 69 53 32 3
25 15 15 17 23 4
50 21 12 15 27 2
72 64 156 78 157 8
79 26 13 25 18 4
76 93 72 146 137 6
29 35 50 34 71 4
11 28 13 12 11 3
55 71 137 99 95 7
9 28 27 13 22 3
46 49 76 74 40 3
59 144 127 142 91 10
52 48 60 67 96 2
55 96 71 71 35 3
24 61 33 36 54 2
73 78 48 33 93 4
31 51 90 68 41 4
50 116 121 106 108 11
17 66 57 59 34 4
71 24 23 23 15 4
50 23 10 21 21 3
39 84 83 34 54 3
39 139 136 100 159 11
39 48 81 62 65 4
6 84 88 67 74 4
60 16 17 15 11 2
0 77 52 40 89 3
39 15 21 17 16 4
63 92 63 81 77 3
65 12 22 20 11 3
71 71 86 148 90 14
71 146 159 86 159 5
64 36 90 67 33 4
24 151 123 126 161 9
28 37 95 54 48 2
74 51 46 59 67 2
69 84 45 87 55 4
54 58 126 99 78 7
3 87 76 43 79 3
76 64 97 50 69 4
26 67 43 52 45 4
23 15 12 25 28 2
58 63 57 68 75 12
73 80 58 46 75 4
25 76 74 44 81 3
22 70 141 98 162 14
10 72 33 60 96 4
19 89 39 56 54 4
29 130 103 136 96 10
36 73 50 68 34 3
9 138 98 70 61 5
24 50 54 55 87 3
16 16 25 13 20 2
2 88 72 96 72 2
73 120 115 114 111 12
18 34 42 53 49 4
65 17 17 24 11 3
4 56 68 89 93 2
1 86 91 32 61 3
75 25 25 15 18 4
49 11 25 12 17 3
60 21 23 13 25 3
5 89 60 75 38 3
63 39 44 83 53 3
24 76 33 60 51 2
41 33 67 69 72 4
57 80 81 38 92 4
43 45 58 44 53 4
30 158 140 140 71 11
63 20 20 15 22 4
28 88 87 68 149 12
18 21 27 11 22 3
39 52 79 83 42 4
73 86 42 85 72 3
52 28 16 26 20 3
59 140 83 147 99 11
79 54 73 64 64 2
71 47 97 48 71 3
10 33 77 82 84 3
15 19 24 19 13 2
45 10 20 14 15 4
16 89 131 134 133 14
36 26 19 20 14 2
29 28 19 23 18 3
5 52 96 81 33 3
34 48 93 85 39 4
79 144 165 134 159 8
14 51 90 68 34 4
20 25 16 12 21 3
37 130 61 89 110 12
23 74 37 76 68 3
38 17 21 22 24 3
11 25 17 12 26 2
51 68 79 54 47 4
47 19 18 15 26 3
78 27 10 19 12 4
74 58 84 74 48 2
51 38 38 67 93 4
54 41 95 78 65 4
27 33 90 41 81 3
64 22 12 21 22 4
25 91 32 78 77 3
2 23 11 18 14 3
64 42 36 74 45 3
15 12 26 24 12 4
65 58 32 48 89 2
14 86 88 37 54 2
68 16 12 20 23 4
41 39 73 33 39 3
2 12 26 18 20 3
62 144 109 160 133 9
35 68 46 69 92 4
31 52 62 75 87 3
56 89 45 45 93 3
67 93 85 93 57 3
46 78 47 53 68 2
48 37 71 80 87 4
5 84 88 55 87 4
78 27 21 28 26 4
44 133 121 95 125 8
63 47 63 50 51 3
21 27 12 20 21 4
27 23 11 23 22 3
67 69 115 134 148 6
23 73 44 37 37 3
3 78 84 76 69 13
18 14 20 16 25 2
38 148 131 153 92 12
70 108 106 134 95 7
69 81 96 65 39 3
72 93 77 53 78 2
68 13 19 20 22 3
61 123 63 118 68 9
66 113 70 56 162 8
3 38 90 96 90 3
57 35 74 67 77 3
23 17 26 17 11 4
45 38 40 80 80 4
74 38 84 52 60 2
9 25 10 15 19 3
0 32 46 77 41 4
38 63 125 87 128 13
20 51 40 84 96 4
65 34 42 79 44 2
46 39 34 72 48 4
70 58 80 47 54 2
19 74 69 75 71 3
37 17 22 14 13 2
67 18 15 16 17 2
76 23 21 13 17 3
40 40 84 82 60 4
28 87 64 49 74 3
40 23 27 11 26 2
26 25 14 17 13 4
39 26 21 27 11 2
2 53 55 80 71 3
25 25 19 14 10 2
2 123 126 85 88 8
5 80 45 96 40 4
12 13 25 20 9 3
79 27 14 20 12 4
53 63 80 92 60 5
54 67 45 65 64 3
14 83 61 61 69 3
56 60 52 40 42 3
31 77 76 104 118 7
35 123 160 75 149 5
47 95 82 94 84 4
33 59 163 125 129 5
79 50 84 59 42 4
31 28 15 12 17 2
37 60 95 70 93 4
23 79 144 56 104 6
61 62 96 57 81 2
32 82 67 70 70 4
5 73 51 83 78 2
46 104 152 108 101 11
74 32 40 65 44 4
19 34 65 87 38 3
26 56 107 70 110 7
38 45 42 73 34 4
6 140 77 109 60 9
48 21 18 20 17 2
78 10 27 11 18 3
5 37 62 80 84 4
22 81 46 52 53 4
4 75 35 76 60 3
8 13 13 25 19 3
48 26 16 13 13 3
27 87 49 85 94 2
31 81 62 83 42 3
60 34 79 78 69 4
34 59 81 85 102 14
3 142 55 108 116 9
9 87 86 87 63 3
7 21 21 12 12 2
68 15 27 14 26 3
18 66 82 33 82 2
62 34 35 91 45 4
6 57 73 78 96 3
70 75 61 42 70 4
11 10 25 10 16 2
31 73 65 74 75 3
48 12 23 22 18 2
4 118 117 96 80 10
50 70 44 96 83 4
70 23 14 26 24 3
29 88 64 94 53 4
59 69 155 92 57 9
52 13 18 27 12 4
27 17 15 11 9 2
19 50 83 96 44 2
34 32 95 91 33 3
13 24 18 26 11 4
6 59 55 66 71 4
17 16 27 16 21 4
74 14 23 21 19 2
20 92 53 32 90 3
70 24 17 12 19 4
25 15 18 11 11 4
12 81 84 37 38 3
47 67 56 51 54 3
8 77 41 63 63 4
70 59 38 46 69 4
54 43 71 41 93 2
24 91 85 82 72 4
47 16 28 27 18 3
28 15 27 21 12 3
1 42 39 34 55 4
14 18 16 21 10 3
14 20 23 17 27 4
16 79 86 85 66 2
62 85 97 52 76 4
63 23 20 20 21 4
12 11 10 23 26 2
17 88 93 116 123 5
66 63 104 128 86 9
77 13 18 25 11 3
9 33 89 51 78 2
79 53 88 77 46 3
43 25 10 29 19 3
38 23 28 19 12 2
9 60 40 62 83 4
51 116 84 126 138 9
71 22 18 18 18 3
42 15 10 25 19 2
30 51 37 92 63 3
22 14 21 22 18 3
51 22 23 18 24 2
3 15 12 25 13 2
41 19 16 11 14 3
56 75 62 85 79 4
78 28 25 18 12 3
64 78 97 56 82 3
53 34 89 37 53 3
40 75 73 67 60 3
53 80 87 89 33 3
51 19 26 21 10 2
57 16 17 18 16 4
40 92 36 74 53 4
65 94 56 57 56 4
40 13 13 17 16 2
33 35 71 49 40 3
35 27 10 10 23 3
8 22 20 19 23 3
14 146 151 132 62 13
21 76 74 86 72 4
42 65 74 69 83 4
48 85 71 41 61 3
57 50 64 90 32 4
53 152 158 68 155 13
28 51 47 36 58 4
51 29 16 19 21 3
16 74 58 147 141 11
10 80 87 91 69 2
24 88 59 35 51 4
61 17 12 17 23 3
13 74 94 41 85 2
63 89 41 37 33 4
28 90 93 71 81 4
44 83 75 76 54 4
14 120 80 114 81 12
72 45 53 49 38 4
64 79 87 49 63 4
48 16 11 16 25 4
30 24 14 26 24 3
71 34 69 53 54 3
27 40 43 40 78 3
59 69 64 46 73 2
36 83 79 48 46 2
34 116 56 130 76 14
14 65 65 88 84 3
34 14 22 14 13 3
24 48 42 74 72 4
3 64 102 79 135 6
44 42 82 83 43 4
52 22 11 25 29 4
0 54 95 89 88 3
29 65 93 97 52 3
8 38 89 95 60 2
2 38 90 68 57 4
15 63 58 93 70 4
27 63 90 65 45 3
43 62 85 39 67 4
62 74 96 73 86 3
6 131 89 99 124 9
4 16 9 22 28 4
57 45 44 53 54 4
49 82 33 92 83 2
36 41 40 88 49 4
56 13 16 11 27 2
47 12 20 25 10 4
1 18 14 18 15 4
24 18 12 20 23 4
70 58 79 72 109 5
15 82 84 47 66 4
33 44 57 52 90 2
37 138 138 69 107 8
75 86 38 50 67 3
32 12 29 11 18 4
23 53 93 72 79 2
9 17 11 20 16 2
37 26 18 10 21 4
55 14 22 11 21 4
17 32 90 76 91 4
50 83 47 51 58 4
50 25 24 20 10 4
53 82 74 59 86 3
48 93 96 79 78 2
26 24 23 18 22 4
51 73 76 39 56 4
60 20 25 28 13 3
7 82 84 64 69 3
59 48 82 77 81 4
56 72 105 92 111 7
39 58 66 130 157 13
44 74 38 34 74 3
9 28 17 16 9 4
10 135 98 65 156 9
21 13 25 16 11 3
62 60 93 80 57 2
30 62 57 38 36 4
34 59 56 75 86 4
78 74 50 43 82 3
16 25 20 14 23 4
21 161 150 63 150 9
43 139 59 131 131 5
48 75 81 55 63 4
62 35 92 38 55 3
47 10 16 24 17 4
73 73 40 44 59 2
78 39 58 97 79 4
76 55 71 49 72 2
50 36 40 84 70 4
20 57 48 37 55 3
68 16 17 27 17 4
38 70 89 70 79 3
72 80 158 99 60 9
73 66 52 38 84 2
22 71 70 67 71 3
11 15 14 17 10 4
16 10 25 11 12 3
68 75 42 40 73 2
22 51 35 89 92 2
66 27 19 9 19 2
30 75 95 75 70 4
15 89 40 48 68 4
0 97 38 54 82 4
46 84 47 37 51 3
27 34 66 62 93 4
37 96 75 78 41 3
76 86 90 72 82 4
71 16 25 22 24 4
46 19 22 17 13 3
26 70 73 41 47 3
15 51 55 60 91 4
62 86 95 50 69 3
74 118 91 132 148 9
65 16 28 16 24 3
60 74 51 49 47 2
5 48 41 51 92 4
75 152 74 73 96 10
31 48 58 71 62 4
35 32 62 95 80 2
54 78 49 58 91 4
34 14 21 22 27 2
19 138 81 123 63 9
51 152 116 151 123 6
38 42 42 62 80 3
35 42 40 60 83 3
71 94 65 65 66 2
50 58 70 77 79 3
42 37 54 82 91 4
0 14 26 21 10 2
8 76 81 42 94 2
52 131 101 119 164 9
10 22 12 18 13 3
64 50 86 40 88 3
56 81 96 88 96 2
32 78 78 72 75 4
29 28 20 18 17 3
21 58 66 69 57 4
23 43 58 63 56 4
75 22 23 9 16 3
45 44 64 66 97 4
62 49 47 47 35 2
1 11 18 25 10 4
27 128 109 159 145 8
26 11 24 28 11 4
50 88 47 49 50 2
36 57 117 117 151 12
61 65 50 48 88 3
59 28 22 15 16 3
41 22 23 29 20 3
35 89 41 85 85 4
44 29 11 11 24 3
2 56 78 86 59 2
26 17 23 26 22 3
55 75 33 41 68 3
4 70 82 76 140 6
24 13 18 17 25 2
46 52 33 90 55 4
6 104 65 127 160 12
11 120 106 90 76 14
62 142 63 89 127 9
72 85 92 71 53 4
12 15 27 11 14 4
13 15 27 14 28 4
61 15 20 22 9 4
78 14 18 14 26 4
19 35 81 48 79 4
43 22 18 19 18 4
66 100 56 143 116 11
19 33 39 86 78 2
37 35 46 53 48 4
18 94 85 51 59 4
26 42 58 67 84 2
77 11 21 27 25 4
34 90 48 66 92 4
39 33 59 79 52 4
40 71 54 68 36 3
75 93 40 87 93 4
43 56 58 49 91 4
25 33 49 35 90 2
12 108 96 128 135 12
46 93 58 44 40 4
52 38 73 60 50 3
18 17 16 27 21 3
14 149 124 129 107 14
33 12 27 18 26 4
33 125 147 105 57 14
9 27 24 18 27 2
69 47 35 60 84 4
45 95 68 50 75 3
21 70 45 50 81 2
60 50 35 89 62 2
49 93 146 136 86 14

