4
250
18 1053 1111 413 688 132 100 87 50
18 501 412 575 422 121 52 107 38
16 614 459 577 570 582 436 472 506
19 457 288 179 658 260 183 141 400
8 750 1025 1016 836 723 726 750 720
14 320 664 491 108 212 576 320 84
5 765 873 294 198 133 131 85 52
21 1181 763 1162 474 238 112 185 120
3 203 139 64 83 47 18 7 9
19 1152 511 520 460 1005 282 271 327
24 422 671 572 563 366 574 505 514
23 201 194 147 123 34 55 22 18
24 361 176 661 699 300 158 381 550
0 321 321 609 697 33 49 108 104
11 194 493 1051 736 191 442 603 685
2 1018 942 740 1133 191 183 159 78
11 629 300 189 506 113 88 37 141
3 365 636 951 997 352 401 855 520
7 380 885 1109 255 61 67 152 50
15 270 666 383 473 51 128 20 64
16 148 562 538 394 121 513 437 267
9 102 192 195 163 21 22 54 27
13 355 139 431 453 275 96 344 374
4 841 289 494 971 204 22 103 229
2 607 367 445 854 99 70 121 208
8 257 503 341 122 135 372 173 117
22 209 830 712 219 21 236 130 38
3 118 180 132 149 19 15 13 27
5 111 89 76 141 7 22 17 25
15 360 864 998 738 274 766 655 488
4 878 801 1025 988 571 451 914 965
17 112 551 158 288 6 54 41 61
19 411 223 408 131 53 28 91 14
22 327 1005 943 272 240 888 587 187
18 141 199 201 180 133 142 105 112
22 242 242 663 560 221 207 415 383
0 468 395 282 304 394 206 166 267
3 982 1092 306 1101 809 671 235 741
8 602 127 120 212 369 63 99 125
13 701 528 695 1106 84 148 181 64
3 479 196 485 357 251 129 309 309
13 251 650 392 379 132 354 314 233
10 352 564 605 434 186 334 381 250
9 837 1053 204 642 551 936 128 427
16 147 197 209 188 25 28 33 13
10 614 932 928 833 66 139 78 69
16 180 69 125 43 24 19 30 2
11 467 289 352 487 79 15 92 67
3 556 195 528 477 379 137 489 327
22 106 126 31 158 26 7 8 34
4 218 201 532 512 195 186 267 472
14 262 555 675 556 139 285 374 420
21 832 606 343 232 97 70 22 52
17 82 111 147 144 16 26 12 39
9 489 352 480 337 466 278 455 228
10 1067 1183 1098 292 307 166 172 51
11 580 371 664 596 301 344 481 477
4 572 349 622 166 461 275 429 83
0 446 457 341 511 70 97 52 33
2 1176 599 1012 899 233 60 97 249
17 280 645 677 493 192 555 520 286
4 120 581 679 123 75 349 608 115
18 72 198 42 78 7 38 4 9
24 371 913 1125 1033 86 158 283 274
20 444 364 690 137 101 105 68 26
14 106 148 72 63 88 120 64 49
10 297 283 236 165 34 23 29 44
22 265 940 1137 1037 139 758 869 991
12 200 104 105 121 172 62 55 120
11 184 97 176 146 48 15 40 22
23 948 858 897 400 81 76 264 40
4 604 874 1036 581 554 631 808 298
5 1115 1118 232 1182 60 114 35 113
5 390 660 181 679 287 552 94 521
0 237 739 406 783 235 427 370 554
13 805 1026 1041 217 486 720 827 144
1 323 428 1185 683 304 232 1000 608
2 151 207 489 653 24 10 110 102
2 507 286 508 838 38 56 102 138
21 750 861 588 419 66 152 170 52
5 133 39 109 49 15 4 26 6
4 352 415 318 447 256 381 207 303
16 102 64 157 125 11 14 29 11
1 772 1076 456 944 214 280 68 192
21 230 1005 430 760 198 703 329 484
10 958 788 437 867 243 66 25 70
12 183 57 93 91 117 42 88 56
6 126 97 52 50 27 26 14 4
24 150 102 64 157 10 26 10 35
12 293 236 172 291 213 154 126 284
14 583 206 557 196 510 204 289 107
6 1077 1153 779 870 983 624 777 513
23 386 980 358 547 380 505 316 304
18 592 597 341 479 113 88 49 50
7 176 805 1151 303 21 208 158 24
12 652 539 668 281 339 357 441 163
21 248 288 250 336 218 167 132 229
21 435 308 589 385 401 257 491 195
1 827 314 1035 839 660 228 787 650
21 628 275 311 243 523 163 207 123
7 409 550 627 226 93 97 119 23
2 125 37 196 50 102 18 136 32
9 87 133 43 40 65 74 38 34
6 391 398 484 241 350 390 437 167
19 214 529 383 1015 13 71 79 151
8 72 89 144 112 68 80 129 59
21 368 1128 527 434 366 1094 420 306
10 680 253 633 358 429 177 342 345
18 411 323 430 414 94 95 46 115
1 472 205 551 595 48 46 91 126
20 611 425 656 441 161 77 120 26
7 68 208 109 55 57 138 67 54
24 81 99 96 42 73 56 51 39
19 312 1002 966 209 74 123 55 60
23 791 993 893 640 556 686 761 615
20 511 331 225 137 43 96 66 13
22 446 988 275 1064 424 609 170 764
20 52 33 55 90 27 28 42 51
2 184 647 553 787 164 374 479 452
22 285 897 934 949 84 78 277 173
7 401 620 656 545 103 40 184 161
22 216 143 370 551 60 28 97 59
4 268 877 882 227 233 524 804 165
21 265 1144 715 470 197 1067 597 337
0 516 1008 903 389 418 799 826 225
24 509 600 117 511 300 554 104 434
15 655 1135 313 856 131 305 18 77
14 69 98 205 100 57 49 134 71
5 384 218 354 558 55 26 33 103
6 800 338 197 927 123 40 11 99
5 590 543 570 280 381 456 535 263
15 679 1175 440 1164 151 197 53 290
17 998 1080 385 209 147 117 59 57
0 215 641 352 336 198 541 284 230
20 419 1146 738 390 63 60 133 109
9 320 359 602 488 295 286 406 347
8 572 238 534 393 478 193 407 334
17 436 481 198 817 116 43 39 245
0 423 228 902 824 286 148 706 566
10 588 559 251 317 139 142 73 27
13 89 77 45 130 55 50 23 75
1 566 492 180 474 468 280 100 331
2 497 493 803 1061 96 45 68 257
15 164 53 151 181 45 12 17 53
17 871 539 393 604 534 401 283 443
11 615 218 534 226 311 130 449 174
7 119 247 565 530 112 216 486 482
20 39 65 139 41 25 33 94 32
11 679 829 733 240 197 170 129 70
19 425 234 305 332 282 228 177 254
1 127 106 91 113 12 28 22 10
3 293 584 454 575 24 83 58 163
8 333 920 194 1117 260 613 172 663
9 325 547 750 1129 75 80 217 247
12 721 498 487 771 570 255 341 471
19 576 446 376 296 364 253 296 209
0 356 389 1152 293 305 383 1097 272
1 480 481 526 693 128 32 129 107
6 403 159 530 554 386 134 329 352
19 129 187 123 108 121 157 64 60
6 110 119 87 118 56 74 81 76
12 172 575 573 515 110 293 522 437
18 511 687 410 339 296 348 253 283
12 774 782 556 247 641 535 344 209
18 459 619 324 197 453 463 300 194
19 120 204 51 50 111 181 31 26
23 879 746 1010 578 628 462 1006 449
6 154 475 387 483 27 62 79 68
15 613 341 312 720 102 70 41 196
9 170 78 172 53 138 43 143 43
14 156 95 133 198 39 12 34 50
20 506 537 328 232 29 96 73 47
8 203 123 239 564 43 18 42 114
1 610 352 380 450 511 194 207 332
13 211 624 621 421 133 320 376 242
16 96 203 143 37 77 187 75 23
3 758 686 438 1090 484 668 224 1080
23 454 572 427 847 389 529 401 760
24 1130 976 764 975 91 105 100 284
24 361 222 539 222 204 113 327 188
12 421 428 337 520 398 218 186 371
12 510 362 271 383 39 95 42 34
5 745 497 347 1172 146 38 78 209
14 62 139 199 173 8 40 21 50
0 315 397 690 273 75 48 187 42
8 79 44 30 193 51 27 21 164
10 1069 232 1128 235 271 20 58 18
7 391 282 688 599 43 81 62 74
12 69 60 202 68 19 4 52 6
1 641 206 295 304 472 132 234 293
13 198 149 106 37 32 14 26 6
6 529 329 391 451 497 312 284 447
22 351 272 647 392 97 15 126 102
15 573 670 180 138 134 120 19 38
13 648 300 146 618 406 279 84 518
7 314 520 633 561 35 150 54 31
0 1028 1170 799 785 292 231 63 186
9 432 215 130 164 275 147 82 101
24 57 62 154 78 42 38 142 51
14 936 804 963 433 478 765 498 416
10 1010 413 316 297 701 370 185 196
18 34 42 193 152 7 11 22 12
11 468 521 534 693 353 380 325 560
15 260 1142 427 500 62 291 98 35
16 627 510 412 551 162 139 69 37
24 433 382 332 173 35 113 22 14
15 145 187 33 170 136 108 26 167
6 565 620 462 677 37 51 88 176
15 58 101 96 60 50 84 62 37
16 1076 1035 531 829 179 174 132 164
16 704 1106 260 750 462 1014 224 484
21 428 686 941 548 423 427 599 396
9 291 341 620 189 42 58 173 42
6 598 815 958 1011 386 660 647 664
8 370 324 477 656 268 318 472 510
3 523 478 436 836 512 272 304 658
11 579 212 1001 725 415 141 756 685
23 193 132 539 367 23 9 141 87
10 154 195 143 132 23 55 12 14
3 225 559 292 420 137 310 289 365
14 970 869 882 975 78 234 120 136
19 403 182 141 317 41 27 25 19
5 352 306 692 383 348 194 442 326
14 32 150 66 80 4 28 13 22
7 159 57 39 124 27 7 10 23
20 418 282 193 687 316 216 130 569
4 118 52 89 104 114 36 49 87
11 468 141 488 690 41 8 32 183
18 645 534 456 557 631 436 268 326
8 247 484 157 255 220 362 136 243
4 131 107 88 118 36 14 25 22
13 117 134 108 49 87 74 88 48
23 530 653 162 565 324 333 129 375
16 129 373 153 410 13 97 22 84
17 358 468 480 173 21 139 130 23
23 387 498 626 385 243 334 545 372
1 42 208 81 128 6 17 15 25
9 352 184 123 600 221 114 106 464
20 246 222 508 878 187 216 307 566
22 202 115 78 196 40 27 8 54
17 160 149 93 67 148 126 52 58
5 132 163 127 130 82 160 124 127
7 101 504 366 541 80 333 185 330
20 475 1174 750 657 35 198 138 49
17 945 1012 558 459 262 281 131 123
2 609 603 233 267 51 106 31 76
23 135 141 53 198 35 29 7 15
13 546 480 183 183 91 97 28 36
17 331 913 358 218 86 225 100 62
2 491 793 279 838 71 98 40 246
80
2
8
3
8
9
1
9
4
4
1
1
1
8
4
5
1
2
5
9
1
2
2
6
6
5
7
1
1
1
1
1
1
1
1
1
1
1
1
1
1
1
1
1
1
1
1
1
1
1
1
1
1
1
1
1
1
1
1
1
1
1
1
1
1
1
1
1
1
1
1
1
1
1
1
1
1
1
1
1
1
800
19 87 48 58 64 2
14 131 61 119 85 14
12 44 45 53 97 4
33 11 14 17 16 3
0 79 95 96 56 2
31 22 26 25 26 2
79 62 71 56 50 4
65 11 15 22 22 3
60 57 82 56 163 6
64 40 39 79 34 3
52 43 68 95 79 4
27 47 94 40 69 3
72 68 81 38 89 4
29 65 73 62 34 3
70 21 12 14 27 4
6 34 38 91 88 4
56 97 65 82 74 14
39 80 73 57 75 2
27 66 44 60 82 2
43 88 60 42 92 4
49 33 36 48 46 2
30 67 88 45 77 3
42 93 43 58 55 4
63 103 136 140 106 5
77 34 69 84 53 3
74 53 75 58 70 4
40 50 71 59 74 4
24 13 23 17 23 3
45 50 84 61 83 3
8 12 20 25 11 3
8 127 113 149 138 12
63 92 41 78 48 4
66 26 17 10 17 4
1 88 94 88 71 3
6 81 33 77 51 3
75 108 82 63 134 12
67 71 101 63 123 5
64 58 61 71 44 4
34 73 39 45 38 2
41 92 87 41 41 3
65 42 59 36 91 3
10 24 27 9 24 4
10 50 79 68 76 3
10 78 76 49 68 4
76 39 85 33 88 4
63 69 39 36 35 2
25 52 60 61 66 4
44 52 90 40 40 3
23 97 120 112 127 12
15 36 65 43 68 4
27 92 56 70 72 3
38 82 73 75 84 3
59 109 98 102 102 14
47 16 22 19 13 4
76 87 118 64 116 14
24 14 11 25 28 3
50 47 83 43 70 2
56 19 22 21 19 4
40 39 63 43 44 4
62 65 69 37 61 4
16 16 24 16 15 3
20 86 55 45 82 3
2 102 159 110 89 6
79 71 114 133 77 11
65 73 43 73 81 3
19 22 20 22 25 4
18 26 17 23 12 3
26 11 12 15 21 4
73 13 24 28 17 4
2 9 13 12 22 2
43 17 10 22 20 2
33 65 61 87 93 14
23 13 13 21 14 4
72 12 27 23 17 2
74 85 107 146 162 5
49 63 148 144 61 7
59 33 76 62 36 3
34 27 25 16 17 2
0 56 48 54 37 4
74 63 105 128 89 10
46 36 74 50 88 4
3 150 147 122 149 11
79 39 42 42 88 4
73 69 59 60 56 4
30 164 161 164 78 5
58 95 163 101 96 5
35 74 111 57 56 12
69 33 60 49 76 4
49 46 76 77 55 3
21 81 57 35 60 3
69 94 50 86 46 3
70 151 152 133 125 6
28 59 75 38 88 4
27 60 115 135 162 12
48 26 11 12 25 4
9 19 19 26 28 3
26 95 34 52 85 4
61 59 68 67 93 3
64 17 25 18 27 3
48 10 25 22 28 2
64 67 68 81 85 3
48 49 57 54 73 4
14 91 49 41 41 3
38 57 67 60 64 2
34 97 63 58 90 3
11 76 43 40 89 3
52 76 85 41 47 4
74 63 40 43 60 2
44 34 75 90 61 3
38 75 86 78 81 2
47 35 89 59 78 4
71 27 18 13 28 3
19 143 73 150 74 5
8 92 64 41 81 3
33 10 13 10 16 4
17 20 10 16 25 4
35 86 60 74 92 2
47 27 23 26 28 4
3 93 92 83 41 3
39 36 57 66 58 3
78 48 82 56 42 4
50 141 155 119 161 7
18 42 86 89 66 2
16 23 11 20 23 4
61 13 28 22 17 3
28 86 94 36 74 2
31 86 55 53 44 4
62 51 72 50 69 4
9 157 95 68 85 9
7 17 17 24 17 3
36 122 162 57 105 13
60 73 50 59 84 4
35 160 75 151 147 11
17 85 74 33 96 3
1 94 41 68 83 4
25 18 13 18 15 3
69 67 52 36 44 4
33 69 59 56 92 3
20 79 90 90 83 3
10 55 52 96 95 4
75 50 62 61 77 4
36 44 77 53 51 2
66 19 13 19 28 4
7 10 10 21 21 4
72 91 95 49 35 3
68 54 66 54 84 4
58 95 97 143 79 13
42 135 70 79 145 11
72 103 94 83 120 8
61 95 95 94 80 3
74 36 56 90 69 4
69 38 66 59 66 3
54 32 74 82 77 3
52 83 89 82 64 4
51 95 65 84 37 3
5 28 12 14 28 4
69 17 20 22 19 4
62 64 70 65 40 3
58 67 42 79 44 4
59 87 74 38 56 4
16 13 14 10 26 2
9 72 100 67 158 5
25 66 72 35 38 3
30 147 148 156 162 5
45 63 86 50 47 4
51 53 35 78 62 3
3 59 111 142 140 8
45 20 24 20 29 3
5 69 70 35 84 3
19 84 50 42 36 3
7 27 23 11 27 3
38 55 62 70 75 4
22 145 56 59 119 6
44 23 12 26 13 4
62 85 75 34 41 3
72 84 85 92 52 2
37 40 43 56 38 2
51 36 88 75 82 4
75 85 65 56 57 3
5 44 67 34 51 2
22 93 95 56 70 2
31 109 155 65 65 14
48 96 111 128 150 12
7 11 17 14 20 2
13 67 70 160 86 6
9 68 70 78 32 4
64 93 140 142 140 10
75 63 88 111 63 14
33 70 48 36 59 4
49 61 88 89 35 2
44 88 66 76 63 3
65 94 47 86 62 4
79 132 106 114 149 12
73 81 73 143 59 10
43 91 33 46 67 3
36 91 90 40 68 4
70 46 94 54 95 4
22 88 78 70 65 3
57 73 85 87 38 4
51 17 19 23 14 3
64 37 76 71 72 4
53 50 36 81 90 3
49 150 92 66 77 13
71 67 52 75 45 4
6 50 78 68 66 4
2 49 95 67 44 2
25 66 96 72 84 2
13 25 25 22 25 4
25 56 78 69 52 4
63 123 98 127 122 9
30 53 39 78 48 4
3 57 125 158 70 13
54 27 10 12 20 3
42 86 36 89 41 4
6 18 27 16 15 3
33 52 94 96 79 3
56 9 22 21 18 4
45 78 55 45 85 4
28 26 25 22 19 2
39 15 13 23 22 4
32 138 122 59 107 10
16 80 69 132 130 12
24 26 21 24 24 4
26 55 56 65 52 4
46 21 21 11 12 4
53 26 12 23 23 4
67 40 52 71 56 4
73 48 59 68 52 4
15 46 84 77 77 3
69 65 72 82 59 3
36 84 70 33 91 2
13 56 44 76 79 4
8 61 65 90 94 3
21 13 24 17 19 4
67 59 40 73 44 4
53 141 156 72 99 10
77 90 84 62 64 3
41 10 29 21 18 4
47 40 77 86 75 4
59 27 25 10 24 4
56 81 46 65 77 3
78 58 74 75 146 10
16 36 75 44 76 3
55 79 121 66 96 10
78 16 14 14 22 3
34 114 123 119 123 13
6 77 80 93 67 7
31 66 47 94 54 4
77 28 28 16 22 2
2 82 64 76 135 12
32 94 71 83 67 3
53 51 32 43 50 4
67 21 28 16 17 4
20 27 17 23 17 3
61 58 70 85 52 4
55 23 18 17 18 2
15 53 69 54 47 4
6 46 71 93 55 4
48 19 17 16 20 3
46 19 19 16 17 3
53 21 15 20 21 3
76 89 124 150 118 11
39 91 35 55 53 4
55 83 65 88 82 3
79 61 82 74 36 2
74 87 37 73 49 4
71 27 17 10 17 4
39 19 20 18 22 2
15 76 34 64 46 2
11 21 21 22 23 3
12 158 99 80 128 8
76 35 87 33 88 3
41 85 35 46 90 4
45 69 161 68 162 12
68 148 57 106 87 12
5 93 61 95 68 3
73 68 117 115 157 7
37 17 13 24 23 3
59 32 51 36 84 2
10 21 11 18 24 4
62 17 25 16 21 3
49 56 36 60 55 4
24 52 95 85 90 3
46 161 72 82 124 10
56 150 137 75 72 8
0 20 14 18 19 3
23 14 23 28 20 4
37 64 60 75 76 3
67 91 47 34 80 4
31 21 24 16 26 3
66 81 95 73 61 3
12 28 14 22 16 2
16 95 36 40 68 4
3 52 86 71 36 4
25 24 12 18 17 4
54 23 16 14 13 2
1 25 18 25 25 3
58 15 12 16 22 3
43 89 43 78 55 3
54 19 27 27 23 2
17 92 70 80 57 4
59 87 44 79 80 3
11 45 75 76 48 3
35 60 38 90 35 2
66 10 20 17 17 4
43 95 32 43 58 4
49 84 93 69 89 3
31 29 21 24 16 4
57 16 28 15 9 3
11 69 80 40 58 4
44 77 87 66 85 3
55 15 17 24 28 4
29 21 16 17 17 4
76 62 35 54 78 4
40 71 45 34 49 3
0 100 160 60 153 7
43 87 92 70 92 3
68 14 12 16 10 3
4 91 147 69 68 9
47 67 48 75 55 3
60 78 58 71 32 3
11 51 41 74 36 4
71 89 74 91 80 2
23 39 84 44 62 3
77 44 96 51 47 4
51 58 56 158 111 13
2 26 20 15 19 2
50 83 76 52 61 3
75 27 21 21 22 4
19 89 34 69 79 3
8 127 96 61 74 8
18 16 17 15 27 4
10 93 47 91 61 3
8 123 71 62 151 14
36 67 90 87 34 4
60 63 160 141 61 14
6 22 25 26 22 4
43 72 32 91 58 4
32 13 11 13 12 2
21 70 66 48 56 4
70 47 61 46 37 2
7 55 71 76 77 4
31 33 50 70 62 4
79 40 63 68 62 4
0 42 51 74 40 4
29 18 22 13 11 4
65 64 76 54 33 4
62 16 22 12 18 3
10 15 27 21 16 4
45 26 27 22 15 2
14 10 25 23 29 3
42 114 114 67 55 11
52 84 165 150 58 6
74 40 46 77 62 4
9 34 73 52 92 4
8 73 81 44 35 3
61 39 67 73 85 4
21 36 66 51 39 3
65 27 17 23 21 4
74 55 66 77 35 4
32 116 86 129 158 7
8 47 77 93 53 3
28 78 38 53 38 3
57 110 57 157 84 10
38 96 81 87 56 3
10 49 92 78 93 2
17 60 75 36 65 3
36 19 14 27 26 3
67 116 81 121 134 8
41 35 61 46 56 3
41 80 44 55 83 3
74 16 25 21 17 2
4 39 51 69 35 3
8 73 37 39 65 3
51 101 129 89 161 7
5 26 21 15 14 2
34 64 72 56 89 4
14 51 84 68 46 4
5 84 85 57 66 4
1 118 147 125 159 14
36 20 18 10 28 3
63 75 60 45 47 2
39 44 63 63 33 4
18 25 19 24 11 3
2 17 19 26 21 4
17 82 52 83 36 3
39 27 18 15 26 3
68 59 77 61 55 4
39 88 87 71 84 4
35 28 15 10 27 4
57 82 70 76 54 3
55 91 44 75 46 4
31 18 27 22 13 3
59 16 15 11 29 3
41 85 42 92 62 4
13 15 28 25 12 3
2 64 70 53 86 4
26 86 54 87 54 3
25 13 13 15 14 4
48 77 94 62 33 3
25 19 25 20 29 4
72 63 34 85 61 4
19 80 50 35 67 3
38 63 50 88 77 3
61 136 105 98 162 10
16 69 62 97 112 5
63 144 67 109 160 13
23 26 29 10 10 3
57 88 67 55 75 3
75 146 133 152 102 13
40 92 54 96 75 2
1 87 80 61 43 2
78 144 77 98 73 12
61 78 76 89 39 3
12 26 26 23 19 4
12 65 48 35 48 3
79 115 136 62 138 11
52 11 24 20 20 3
68 81 158 143 124 10
30 28 10 23 19 4
59 45 75 35 96 2
63 17 10 12 19 3
47 49 96 34 78 3
19 79 83 37 84 4
29 56 79 96 94 2
4 68 117 111 152 9
48 78 33 93 91 3
17 79 35 93 97 3
9 70 79 35 66 4
27 152 84 145 115 6
52 10 10 18 11 2
76 52 83 55 59 3
20 89 50 42 48 2
77 80 68 42 47 3
73 94 69 63 87 3
40 60 64 42 64 4
1 143 91 76 137 9
26 20 27 22 16 4
61 87 50 71 34 4
30 37 87 60 80 3
7 10 19 25 26 3
68 138 145 107 105 14
79 21 23 23 22 2
30 27 14 27 24 4
33 80 89 91 93 4
19 84 88 74 74 4
28 23 15 20 15 4
54 92 96 66 56 3
60 20 21 27 16 4
44 121 80 135 136 5
41 19 20 12 22 2
63 94 44 53 78 2
79 44 82 85 87 3
53 64 39 65 82 3
75 77 65 71 73 4
14 81 93 63 53 4
47 32 63 78 87 2
43 26 20 22 28 4
35 26 24 27 23 4
49 70 93 41 67 3
1 24 28 28 26 3
50 58 60 96 70 3
50 60 39 34 89 3
37 11 19 22 14 4
28 12 26 22 27 4
37 39 82 61 90 3
75 16 12 15 19 3
70 18 19 22 11 3
25 77 80 79 36 4
25 11 21 17 12 3
5 95 72 145 134 13
32 83 81 35 59 2
71 38 70 63 82 3
4 94 47 73 44 4
24 88 80 82 37 3
32 25 24 19 24 4
14 17 15 11 14 3
42 59 33 76 46 3
37 102 98 159 160 13
52 97 94 87 61 3
70 56 62 54 93 4
66 20 18 21 13 4
44 92 90 75 41 4
33 50 84 95 83 4
13 11 20 26 11 3
40 108 147 140 152 10
30 52 68 51 48 4
9 84 88 67 67 3
74 147 117 155 118 13
65 110 107 163 122 14
22 128 122 144 122 11
33 34 90 88 91 4
4 25 12 22 24 4
0 33 70 47 35 4
4 76 94 77 45 3
7 79 94 83 47 4
15 29 28 12 21 2
4 45 85 38 56 4
5 17 15 15 22 3
77 24 23 17 26 2
71 72 41 39 69 3
54 89 89 128 56 9
3 28 13 17 19 4
65 38 52 86 40 4
51 106 87 68 99 7
64 35 45 36 82 4
69 13 25 13 13 4
66 18 21 28 21 3
75 78 104 76 120 7
18 43 75 88 56 2
66 18 19 13 10 4
40 15 13 19 15 4
77 84 117 142 73 14
37 82 37 57 40 3
4 94 60 60 62 4
58 28 18 28 27 3
67 113 160 84 98 14
21 128 159 71 135 8
28 64 128 127 143 8
72 90 66 76 92 4
29 55 45 37 65 2
13 48 41 86 38 3
18 118 81 86 109 12
46 42 73 60 52 4
2 12 11 18 26 4
21 59 83 57 39 2
67 26 13 20 18 3
7 72 96 67 96 2
22 22 15 20 28 4
29 49 72 47 32 4
58 47 79 96 95 3
21 20 15 24 19 3
73 24 11 12 15 2
71 95 87 94 46 3
39 96 71 57 57 4
61 57 32 90 50 4
28 90 79 164 131 6
54 12 10 19 28 4
24 55 138 81 96 13
15 16 18 20 14 3
48 18 19 16 20 2
76 86 144 109 120 6
7 10 11 17 10 2
24 159 154 127 114 5
0 45 73 58 89 4
44 81 138 148 127 11
39 112 118 68 82 11
77 126 95 96 125 8
19 162 96 159 122 7
31 59 77 34 62 4
64 85 65 67 72 4
15 28 13 28 22 4
57 64 93 96 61 2
57 72 41 90 83 2
6 90 87 48 82 4
46 94 66 60 82 3
23 52 46 35 87 4
62 38 36 40 35 3
36 28 14 13 11 4
12 49 90 80 87 3
55 79 64 146 106 11
29 71 75 70 48 2
70 20 16 27 15 2
67 25 17 20 26 4
42 93 37 93 60 4
28 18 24 26 14 4
68 80 81 48 53 3
14 38 54 67 41 2
51 35 51 81 80 4
64 160 71 132 147 5
22 58 72 88 42 3
60 24 13 22 19 3
12 78 81 68 36 4
54 62 46 41 49 2
45 94 74 138 86 10
17 12 21 13 13 3
10 104 154 103 158 8
4 70 70 58 40 2
70 92 94 45 58 4
2 13 22 28 9 3
65 48 45 43 93 4
1 23 18 10 15 2
14 56 33 44 54 4
18 22 14 14 25 3
44 54 61 65 63 3
29 68 78 61 53 4
78 63 42 68 80 2
63 69 93 59 47 4
43 63 89 97 36 3
9 13 14 29 23 2
16 60 102 121 112 7
18 21 24 21 24 2
56 21 26 22 10 4
60 95 65 119 137 6
0 15 11 28 12 4
34 24 11 15 21 4
71 52 49 76 40 4
26 12 18 17 16 4
29 87 45 43 51 4
9 138 78 114 119 6
32 11 13 22 18 3
41 28 16 19 17 3
34 10 12 25 10 3
66 34 92 60 94 4
40 86 32 37 57 4
69 93 86 90 96 3
18 71 124 77 160 10
51 69 38 34 94 2
27 62 50 93 38 2
15 158 140 91 142 13
35 88 89 61 60 4
33 19 21 23 13 3
23 21 16 21 20 2
56 69 60 52 67 2
52 50 84 52 65 4
70 136 161 122 125 10
68 56 109 60 84 6
46 84 75 67 32 2
54 89 79 36 46 4
65 21 28 25 25 4
12 21 24 14 17 4
24 92 38 81 69 3
47 67 63 111 111 9
3 26 19 14 19 3
37 53 34 45 57 3
21 63 89 75 71 3
22 92 39 78 95 3
53 165 84 118 123 13
14 100 160 145 136 7
20 51 66 37 96 3
37 157 120 93 90 9
72 14 19 21 13 2
42 69 144 147 99 7
12 40 60 50 92 4
30 18 25 21 26 4
27 10 12 10 23 2
16 95 90 43 83 3
38 26 20 25 10 4
1 16 15 17 24 2
57 55 49 84 52 3
26 32 83 77 40 2
26 11 18 12 24 2
3 77 43 70 39 3
34 135 71 71 70 10
20 133 62 111 99 8
79 45 91 89 35 3
32 66 89 77 49 2
76 12 10 26 14 2
5 93 46 90 65 3
24 22 20 20 21 2
34 21 20 27 19 3
62 94 52 34 56 3
8 75 61 86 63 4
73 134 125 155 130 11
20 25 11 24 20 3
38 97 137 74 78 13
30 33 43 41 78 4
24 154 96 158 161 8
72 87 44 63 37 2
50 25 23 26 28 4
45 19 28 15 16 3
2 96 71 91 43 4
14 20 10 21 27 3
60 52 93 47 56 4
67 73 97 159 146 6
9 19 11 22 13 4
20 52 40 35 57 2
52 60 108 156 127 12
60 94 35 93 49 2
55 134 81 116 77 11
66 11 12 28 21 4
36 41 51 66 60 4
27 118 87 96 87 10
71 80 90 65 39 4
50 90 43 51 51 3
71 69 91 74 73 3
46 14 12 13 14 3
20 90 51 66 71 4
4 70 68 90 58 4
38 25 26 22 20 4
22 45 72 35 73 4
55 141 69 58 89 5
11 26 27 26 18 3
18 20 16 11 17 3
35 97 64 96 88 3
1 12 25 20 13 4
23 69 74 59 37 3
20 148 98 109 160 7
40 76 42 35 92 3
55 36 38 94 79 3
17 88 50 54 55 4
35 110 147 125 154 13
44 28 15 14 14 3
45 100 70 59 88 8
73 105 117 72 132 5
58 17 16 22 11 4
59 87 102 59 62 12
31 19 25 15 11 2
55 96 158 141 62 12
50 143 87 76 142 14
38 88 75 67 62 2
72 57 86 59 74 2
57 162 93 119 89 12
27 55 39 86 69 3
13 28 17 10 27 3
11 15 26 27 16 3
17 156 165 92 61 10
78 27 12 10 19 4
6 97 67 145 65 7
21 21 26 25 27 3
69 79 74 44 71 4
75 77 57 55 61 3
32 53 54 44 84 2
49 108 64 122 159 11
53 63 110 102 67 5
48 75 76 34 92 2
56 40 62 54 89 2
47 146 87 104 162 7
0 33 48 62 37 3
16 149 139 159 147 13
78 120 148 148 144 14
54 77 77 90 73 4
37 15 20 17 28 3
42 48 41 49 60 4
0 94 79 136 75 9
5 54 71 93 85 4
77 86 39 91 53 4
78 75 90 39 60 3
22 60 45 80 42 4
64 26 18 13 19 2
61 84 84 75 63 8
17 24 24 21 10 2
60 90 50 63 35 3
7 96 95 60 53 4
11 66 46 39 45 3
6 153 56 79 130 10
70 41 73 79 57 3
13 19 13 14 11 4
68 12 11 11 10 2
62 139 78 100 58 9
15 148 56 72 113 5
10 54 56 46 64 3
73 68 87 85 96 4
49 23 12 23 11 4
47 70 127 153 65 7
69 10 28 17 18 4
52 55 72 61 42 3
48 18 23 10 27 3
40 76 56 63 54 3
21 66 70 49 56 4
50 66 92 63 90 4
53 20 28 17 11 3
58 14 26 23 20 4
13 126 83 141 119 12
27 91 56 58 42 4
11 37 55 92 73 3
68 11 18 28 13 4
29 91 93 82 83 3
56 42 56 72 69 4
41 42 78 61 84 3
50 57 51 64 71 4
45 20 21 28 17 3
36 24 13 19 21 3
28 24 14 21 10 3
56 61 85 57 37 4
22 54 75 88 55 3
35 93 89 43 47 2
12 89 78 75 45 3
41 18 29 18 13 3
19 23 26 27 25 4
34 45 93 38 39 4
23 44 96 58 90 4
62 95 39 35 79 4
77 57 54 82 48 2
32 26 19 19 26 4
57 14 18 17 21 2
23 33 80 44 95 3
3 59 55 65 76 4
13 67 91 73 95 4
46 87 111 114 142 12
78 128 95 138 141 9
76 23 18 14 19 3
78 40 78 76 54 3
59 69 48 74 73 2
42 130 134 62 124 14
26 15 25 14 11 3
76 65 90 68 82 3
46 62 120 156 158 12
58 95 75 58 49 2
42 22 13 10 27 2
26 9 14 20 24 3
51 63 85 82 37 4
58 44 69 52 65 4
53 51 64 69 43 3
15 76 66 90 110 8
43 23 21 17 18 4
3 64 89 84 86 3
66 63 51 87 88 3
63 11 19 17 26 4
11 84 59 58 43 4

