4
250
13 993 974 832 1183 274 147 71 299
6 248 438 329 254 128 416 313 156
9 72 154 95 74 16 11 11 12
10 282 328 915 996 272 272 900 564
20 84 121 60 151 18 11 15 12
2 975 855 311 1184 229 55 48 332
22 96 53 31 102 66 41 23 87
8 756 497 801 909 178 66 61 187
23 104 40 194 80 62 25 108 60
15 672 732 666 194 508 617 585 115
6 199 111 176 120 130 106 172 116
19 617 167 386 123 477 145 200 119
20 574 563 244 156 137 136 12 35
16 929 417 514 1145 611 215 264 1094
15 681 426 672 247 388 295 379 231
3 192 79 160 139 38 9 10 36
23 283 597 235 135 148 420 203 109
2 353 469 307 387 333 438 254 277
17 85 55 86 110 54 34 49 99
21 988 440 467 214 291 70 75 30
7 169 124 70 206 14 30 18 18
19 33 39 79 81 5 9 6 23
3 1175 950 1011 970 986 807 747 668
8 477 501 905 1156 69 85 137 222
14 95 188 63 192 19 23 13 25
18 75 208 42 178 19 41 10 12
12 81 38 152 157 22 3 33 41
1 445 408 240 560 279 242 228 556
6 200 138 129 200 105 137 90 189
7 189 82 86 166 15 12 10 26
11 127 160 156 201 92 123 114 156
4 515 214 622 854 105 44 89 96
21 1164 1087 820 743 665 844 749 592
12 294 402 263 502 68 117 71 70
8 210 176 219 689 34 31 49 161
13 155 87 78 95 44 20 4 27
12 473 443 663 157 136 81 78 34
15 57 100 194 55 41 93 174 35
24 201 151 201 181 53 23 52 15
17 618 446 416 464 496 376 292 385
17 908 796 1073 461 119 69 80 83
0 510 665 271 340 481 644 251 330
13 348 673 234 328 289 617 126 241
11 401 587 683 188 353 489 433 153
23 194 192 73 44 32 41 13 2
16 350 331 680 804 229 229 678 719
3 595 626 620 688 109 93 133 48
15 143 103 164 520 20 26 13 142
11 792 740 647 622 80 123 157 122
20 591 864 218 377 69 91 61 20
2 173 551 676 153 135 471 477 118
8 533 466 1150 1104 337 359 1001 598
7 675 264 146 522 71 21 26 73
16 1166 292 803 927 1021 179 786 497
1 90 107 170 184 83 72 85 153
11 34 179 45 45 23 112 26 41
7 864 351 423 1109 741 238 351 703
1 485 432 520 631 385 292 506 417
23 36 74 56 77 7 8 4 20
9 609 467 401 559 48 126 68 145
11 166 192 151 117 43 27 41 10
6 692 261 160 644 117 54 34 168
14 394 181 577 543 208 100 466 275
6 231 447 1174 834 15 115 270 137
18 478 230 1156 1053 108 66 253 263
5 411 271 305 533 410 187 197 351
24 207 77 126 96 166 49 68 58
6 242 566 1155 950 42 168 262 177
16 676 919 890 233 68 194 164 23
14 506 722 447 1150 42 103 58 287
20 773 529 983 310 206 114 227 21
6 547 306 549 397 86 37 107 104
16 121 113 137 159 16 6 10 23
3 130 202 122 196 83 190 72 119
5 606 227 286 367 402 160 233 249
20 70 30 43 46 9 5 11 5
5 89 188 42 100 80 157 22 81
5 875 901 654 662 193 78 101 59
5 368 379 587 725 99 83 74 188
2 266 650 103 678 19 65 21 186
24 157 379 150 491 8 40 12 129
6 176 277 314 389 40 26 75 86
22 200 189 191 202 143 110 161 140
0 48 175 58 121 4 41 4 34
6 37 148 175 34 29 131 117 23
16 330 803 537 914 174 605 363 822
1 76 152 36 62 73 82 30 39
21 118 68 145 88 106 64 80 44
17 626 549 528 1005 411 396 282 762
15 204 1018 675 692 196 553 661 443
18 217 273 574 260 51 45 136 33
2 74 53 176 78 66 29 162 75
3 232 210 888 1180 58 20 150 145
9 136 168 162 103 101 163 123 83
11 300 335 221 655 152 229 117 384
23 1097 642 944 449 708 411 591 299
14 236 236 472 139 38 15 109 9
5 104 54 47 84 54 38 26 42
0 301 331 277 597 80 68 68 32
7 563 566 540 604 57 162 156 176
4 893 715 356 224 230 64 42 36
7 108 184 206 153 68 125 121 92
11 194 48 169 156 188 46 112 89
19 622 817 473 951 518 424 247 646
12 107 129 108 206 80 125 80 154
14 367 525 513 529 290 314 502 431
17 414 1130 582 851 240 1109 338 768
18 221 299 417 134 39 35 115 25
9 901 819 780 529 703 493 595 506
10 1158 917 405 305 310 79 66 84
21 511 447 992 1128 339 346 753 632
24 905 700 1121 1129 484 636 724 999
21 109 154 207 109 65 106 117 75
21 125 78 145 148 18 10 11 23
17 166 651 188 564 90 555 126 395
0 583 320 621 422 576 291 394 403
1 301 354 126 523 37 43 13 46
3 112 165 198 126 23 28 29 35
22 634 208 149 644 150 55 25 75
12 314 729 194 252 30 81 56 14
14 166 286 417 141 48 37 102 9
9 180 647 589 930 37 182 124 231
22 647 135 178 349 146 26 49 18
22 72 82 83 121 43 42 76 63
4 139 208 64 46 13 14 12 11
4 900 847 594 877 164 191 169 63
15 669 383 467 124 484 273 386 80
17 277 268 897 1078 61 78 232 77
8 193 37 44 61 51 8 12 13
13 446 261 681 334 232 248 357 262
21 698 794 307 722 175 152 24 196
12 697 792 589 582 191 224 102 74
18 139 166 191 45 87 118 139 42
19 205 100 124 159 163 79 67 91
0 283 168 484 433 206 142 328 286
3 41 70 114 128 39 69 101 67
8 952 387 860 338 552 296 502 298
18 612 447 698 660 398 288 579 414
0 88 95 204 168 23 11 14 27
14 142 156 106 175 107 129 100 149
12 164 170 120 75 162 151 76 67
4 52 105 144 105 29 70 121 58
8 43 47 197 204 29 25 139 197
19 281 132 486 268 36 8 38 71
10 204 222 571 414 202 128 311 297
0 638 595 562 433 160 92 117 73
10 314 344 669 476 286 233 449 457
2 79 101 64 148 63 58 40 129
9 579 924 295 972 138 69 35 256
18 525 460 357 568 130 50 85 137
17 174 109 97 86 46 27 17 5
23 471 242 633 380 277 238 628 238
0 119 191 172 161 15 56 32 40
9 752 738 1007 249 215 47 226 18
12 140 288 528 122 27 77 45 34
19 133 32 72 173 25 3 16 34
2 395 179 274 640 362 130 188 598
16 74 133 81 144 72 83 43 98
1 139 79 67 62 78 55 47 54
20 279 241 364 383 170 200 310 285
4 557 207 430 586 278 129 398 329
8 35 81 172 191 28 76 131 107
5 585 838 403 406 82 55 33 100
4 556 484 347 243 155 38 40 69
23 990 1005 998 948 712 820 778 672
12 539 226 259 117 368 174 195 77
13 774 241 551 1073 486 212 541 600
0 42 93 146 162 9 4 22 37
7 262 436 385 338 227 224 337 265
8 554 190 154 500 468 118 100 313
3 619 110 208 432 476 76 204 267
13 148 520 201 543 134 266 162 426
7 161 147 507 670 96 79 313 536
1 346 491 631 629 256 473 458 345
22 566 295 579 298 95 44 79 77
10 192 164 77 178 48 20 15 11
24 174 84 142 106 111 50 124 93
22 663 166 227 371 147 39 66 74
15 396 681 200 624 340 621 106 534
19 131 77 137 136 7 14 20 35
21 98 155 91 162 8 16 27 29
10 217 658 278 660 32 91 19 190
10 80 69 145 110 46 46 95 63
1 627 607 326 387 456 572 205 256
5 475 823 945 1054 42 87 81 289
20 39 162 193 117 9 18 13 33
2 63 144 87 129 15 25 17 28
13 502 702 900 885 376 646 752 650
18 575 576 578 530 151 35 131 63
20 83 73 122 50 9 16 22 2
11 739 256 969 421 95 34 110 43
9 390 644 669 588 340 516 575 467
16 255 688 329 216 211 381 318 112
3 1183 1022 688 958 1054 752 433 855
16 522 592 280 202 121 71 52 42
19 412 352 492 307 95 95 59 24
7 280 607 356 705 214 344 188 457
8 197 85 167 169 12 11 14 43
21 647 529 164 603 489 508 89 308
4 696 509 337 260 43 123 66 56
13 250 215 191 322 13 42 44 87
21 56 110 47 48 33 109 44 39
18 65 177 172 115 15 44 50 18
9 59 98 158 64 4 10 42 3
10 532 193 638 511 34 11 148 70
19 210 365 211 366 197 292 138 295
10 424 594 300 694 40 62 67 144
15 646 304 509 665 627 166 292 348
23 76 90 76 140 21 18 7 8
20 56 208 96 84 15 35 11 21
2 418 588 1145 445 83 83 172 64
12 592 740 664 665 567 385 646 511
5 130 45 109 185 18 5 31 33
13 349 261 326 136 81 54 61 24
14 1040 363 648 236 273 50 48 23
19 420 204 578 328 359 161 326 213
4 574 372 449 253 151 80 96 54
1 83 125 86 160 9 27 15 15
11 143 141 109 59 89 96 97 39
24 157 204 362 378 107 167 208 377
0 364 176 372 103 289 143 231 51
16 556 189 446 602 59 45 27 155
5 1057 493 307 594 253 56 76 164
3 317 934 841 1185 259 627 814 974
17 202 84 174 100 186 59 159 55
14 1071 687 295 521 558 650 276 511
17 612 440 1091 624 97 36 67 92
23 358 532 528 353 329 345 452 327
11 541 380 498 219 153 30 44 36
24 138 174 108 62 80 102 88 60
9 187 143 87 132 48 40 24 12
22 600 662 950 829 45 192 176 107
13 199 48 156 59 159 42 79 48
14 593 337 644 663 46 72 66 113
24 40 102 67 115 28 91 59 58
22 541 376 212 1183 463 265 178 1027
24 86 111 166 65 49 72 155 43
20 46 157 152 94 38 93 141 62
7 150 126 93 170 11 23 26 26
22 32 180 60 47 20 161 49 45
15 129 155 95 187 14 20 26 35
15 343 144 197 223 70 26 17 28
10 541 284 837 534 61 15 65 26
1 663 492 679 417 173 53 118 77
6 212 347 302 673 15 83 73 108
18 269 367 294 1015 186 352 251 602
4 239 1033 264 976 59 309 41 120
24 363 449 449 309 103 46 127 19
23 176 158 38 83 174 143 23 64
2 254 1123 223 1031 194 1059 178 705
80
7
1
3
9
8
9
4
9
2
2
3
5
5
8
6
5
7
6
8
2
7
3
1
4
6
1
1
1
1
1
1
1
1
1
1
1
1
1
1
1
1
1
1
1
1
1
1
1
1
1
1
1
1
1
1
1
1
1
1
1
1
1
1
1
1
1
1
1
1
1
1
1
1
1
1
1
1
1
1
1
800
39 75 45 90 80 2
51 123 102 105 160 13
18 26 23 28 11 3
52 27 23 9 26 4
72 92 72 84 96 3
21 11 11 11 25 3
16 46 60 65 50 3
15 35 92 46 42 3
44 65 44 74 61 3
61 78 71 38 68 2
32 19 19 11 15 2
72 55 58 92 74 2
30 34 36 41 42 3
58 10 24 13 16 3
49 32 36 78 48 4
22 16 11 28 17 4
2 56 37 59 71 3
18 20 18 17 17 2
69 24 18 21 24 3
13 15 19 26 9 3
56 25 27 16 19 4
44 16 21 28 11 3
53 45 75 67 37 2
36 54 58 64 78 4
36 25 26 26 21 4
63 59 48 69 35 4
67 159 76 161 148 14
10 71 43 94 81 3
66 27 14 12 14 3
45 65 67 44 91 3
18 17 19 14 16 4
36 55 37 47 95 4
60 60 89 56 95 11
45 40 94 89 93 3
58 78 69 94 34 2
32 15 24 21 14 2
64 27 22 24 27 4
77 50 53 58 68 4
44 17 14 19 10 3
22 83 88 94 38 3
3 49 52 35 95 4
21 27 11 20 13 3
78 60 76 42 50 4
9 26 26 13 18 2
73 10 21 22 21 3
45 39 40 60 48 4
26 64 41 95 83 4
15 72 76 55 76 3
17 34 39 35 87 4
9 56 47 53 59 4
63 24 26 15 22 3
53 37 55 40 87 2
72 153 120 81 74 13
55 94 44 80 74 3
3 46 91 96 66 4
78 28 21 14 21 2
20 91 80 61 139 13
56 109 92 55 80 14
5 88 39 67 52 4
5 161 91 103 123 7
29 56 57 46 70 3
58 39 38 50 85 3
8 26 11 26 23 3
48 140 58 119 131 14
49 70 108 138 90 12
77 77 131 107 105 5
69 23 19 20 28 2
23 144 63 78 69 13
63 9 25 16 16 2
14 59 39 36 90 2
0 28 21 14 27 3
1 33 43 77 72 3
59 135 125 97 125 11
76 125 151 87 62 6
16 26 18 16 17 2
17 96 60 41 48 3
1 81 85 65 83 4
18 73 156 80 70 10
32 23 16 15 13 4
64 76 80 87 43 3
48 40 52 84 83 3
6 92 67 33 76 3
62 43 50 83 55 4
68 95 38 87 40 4
70 96 144 150 151 7
59 128 123 86 100 14
21 137 113 146 57 8
25 20 24 22 13 4
40 56 80 88 94 4
38 85 66 42 70 3
1 73 61 35 79 2
47 69 48 39 84 4
51 14 28 19 22 4
43 26 24 10 18 3
39 74 52 95 93 2
52 70 46 87 79 2
60 21 24 18 15 2
15 162 139 57 73 14
55 68 161 59 115 8
24 56 75 45 52 4
68 157 55 163 120 11
72 41 88 57 65 3
35 134 57 106 87 9
56 18 15 24 17 4
2 88 92 76 36 3
65 55 84 39 91 4
13 93 35 57 87 4
26 33 50 51 62 3
32 48 68 74 39 4
46 65 65 72 35 2
25 136 140 125 151 11
55 51 34 50 39 4
2 58 77 74 83 4
56 79 78 133 96 6
40 32 80 80 71 4
40 70 78 52 57 3
37 11 28 22 20 3
8 76 93 100 130 13
26 13 20 17 17 2
45 86 92 66 47 4
79 87 49 41 89 3
72 126 62 155 153 7
73 80 81 85 91 4
21 61 55 81 53 4
50 29 18 11 13 3
9 67 46 54 75 4
11 92 86 41 75 3
77 85 81 81 51 3
25 95 78 72 106 11
49 63 35 37 93 2
19 76 68 71 32 4
8 13 27 23 20 4
65 57 86 48 75 3
41 36 45 70 54 4
46 95 59 50 35 3
69 140 65 153 132 13
28 87 44 94 57 3
22 52 45 73 47 3
20 23 25 11 19 3
12 63 77 55 64 4
42 90 33 78 71 3
61 72 84 57 69 4
33 114 75 102 110 7
43 28 26 23 23 3
59 69 50 43 52 4
9 22 13 23 11 4
14 24 22 14 15 4
73 84 129 114 129 11
35 27 18 14 26 3
66 95 32 44 97 4
34 13 21 11 25 4
79 37 34 39 36 3
62 10 25 15 20 2
8 137 139 145 154 5
0 77 40 52 91 3
32 11 21 22 11 4
4 11 25 18 21 4
44 10 14 20 22 3
60 14 18 11 15 4
63 67 41 46 95 4
15 57 119 59 64 14
38 12 15 22 10 3
13 26 10 11 27 3
17 35 53 85 76 3
54 63 84 55 62 4
65 79 48 67 50 4
40 84 47 92 58 4
71 43 37 57 37 4
54 65 44 35 33 3
2 114 101 65 92 7
61 83 164 160 78 11
4 12 14 23 17 4
47 96 76 37 58 2
23 90 85 87 49 4
33 38 84 74 68 4
0 46 32 62 82 4
73 136 89 148 157 7
74 67 61 52 75 4
32 13 13 10 13 4
9 110 105 157 78 13
57 69 45 88 84 3
53 16 16 25 15 4
73 68 59 92 39 2
5 78 32 44 41 3
50 85 115 82 107 11
42 59 40 97 86 3
45 74 78 73 76 3
34 124 77 165 96 12
70 147 151 124 66 6
3 64 35 75 32 2
65 26 20 14 14 2
34 14 20 17 11 4
22 58 50 72 94 2
53 43 68 51 66 3
34 91 72 57 49 4
70 11 19 17 19 2
41 89 122 154 64 7
65 41 46 88 94 3
41 15 19 22 14 4
5 17 18 10 24 4
11 33 45 65 69 2
53 28 18 15 21 3
15 164 147 131 64 5
27 12 11 12 28 3
17 18 19 12 15 3
73 71 72 89 50 2
19 78 48 60 83 2
12 157 113 68 140 8
28 47 91 76 76 3
18 21 23 23 10 3
21 41 62 76 65 3
51 23 14 27 14 4
49 11 25 17 22 4
52 36 62 86 60 2
38 28 23 28 11 2
56 107 75 78 137 10
48 69 57 67 61 4
48 87 73 50 51 3
11 54 61 61 45 3
13 88 84 85 56 4
69 97 45 81 87 3
33 38 87 55 88 4
44 11 21 13 26 3
58 19 22 10 15 3
35 20 20 20 18 4
40 76 77 39 91 4
47 71 59 76 96 2
67 69 79 79 77 3
19 27 25 24 15 4
20 52 40 35 83 4
68 55 92 66 138 14
76 77 86 73 88 4
66 87 36 90 39 4
42 89 91 90 91 3
18 100 159 103 84 12
57 109 151 124 64 10
34 81 43 82 74 3
28 34 57 54 43 2
23 77 86 90 39 4
7 42 54 47 97 4
34 20 25 27 19 2
11 45 93 74 83 4
30 80 56 45 90 4
61 14 28 10 11 2
62 96 80 52 41 3
29 41 37 57 80 2
33 59 43 62 61 2
27 73 93 90 35 4
13 26 17 22 13 4
62 117 97 122 93 6
24 17 28 13 23 3
48 38 73 94 47 4
6 10 13 19 18 3
63 68 58 61 66 3
77 40 38 84 36 4
78 67 63 41 58 2
55 23 28 18 19 3
37 71 60 58 39 3
25 23 15 15 17 3
4 161 88 145 77 6
28 108 114 96 103 6
55 43 90 35 54 3
62 28 20 21 27 4
20 109 139 110 74 12
9 28 16 15 22 4
14 113 87 62 94 12
26 21 25 28 25 3
58 77 53 78 49 2
59 13 10 14 19 3
77 28 25 19 12 3
20 46 36 42 74 2
41 35 73 86 96 3
71 70 68 47 40 3
57 18 27 23 17 2
47 24 13 28 24 4
64 126 95 55 135 5
66 75 78 39 95 4
67 24 17 27 11 2
50 16 24 20 10 2
76 67 65 97 58 3
60 13 25 22 22 3
3 52 87 80 90 4
33 81 90 49 57 3
20 84 35 57 47 2
0 109 81 76 131 9
71 76 40 77 40 3
44 11 23 14 9 3
47 23 20 20 16 4
54 155 61 85 89 6
53 36 58 55 68 3
16 18 27 21 10 3
28 17 21 21 18 3
65 21 25 12 18 3
19 79 76 34 87 4
39 111 130 160 133 13
22 141 57 114 163 13
60 43 95 95 82 4
50 12 16 12 14 3
10 75 81 39 85 3
2 77 73 78 56 4
35 53 83 43 97 4
53 57 67 94 50 3
33 54 51 72 33 4
32 37 78 64 52 2
27 50 75 88 94 4
10 23 24 15 17 4
67 84 78 127 138 10
42 58 121 99 65 13
16 23 18 26 17 4
40 65 90 97 37 2
79 22 14 10 25 3
32 16 12 15 25 3
26 18 12 10 12 4
53 33 95 39 48 3
54 50 44 94 91 2
61 78 56 81 42 2
79 56 57 78 76 2
46 67 88 115 133 14
57 14 19 19 28 4
47 66 61 51 81 4
12 91 82 116 130 12
56 38 68 94 72 2
56 76 145 75 59 6
16 15 28 22 20 4
36 12 23 14 12 3
51 57 54 53 36 4
47 79 34 70 60 4
41 43 62 48 45 3
46 32 88 66 79 2
15 157 143 130 96 9
64 24 26 23 27 3
15 39 80 69 82 3
71 23 23 22 27 3
14 58 55 75 55 4
64 65 84 63 33 4
35 65 35 65 61 4
63 42 52 52 62 3
71 92 68 149 160 10
66 19 19 22 16 3
70 28 27 15 13 3
65 91 87 94 45 3
54 36 64 69 58 3
1 14 13 22 18 3
17 13 20 26 22 2
55 164 110 58 58 14
74 42 66 32 96 4
32 83 92 37 81 3
0 40 88 47 33 2
37 46 36 40 89 4
75 62 68 65 61 4
21 49 82 34 76 4
39 56 58 85 54 3
67 58 41 44 39 4
62 54 85 49 52 4
75 71 47 55 41 3
70 74 88 59 124 8
17 28 28 18 26 4
13 22 14 23 16 4
19 90 48 66 34 4
0 33 93 42 85 4
75 18 9 28 20 3
44 80 55 85 57 3
11 35 57 55 96 2
54 68 36 73 70 4
78 87 40 37 69 4
23 62 94 49 71 3
75 58 164 122 91 14
44 36 74 53 36 3
74 19 11 11 23 3
39 121 102 161 118 5
54 37 51 69 36 3
56 63 73 46 40 3
27 10 26 17 28 2
3 82 36 43 71 3
16 65 80 44 75 4
6 46 56 72 96 4
14 80 52 72 74 4
29 14 22 29 10 4
47 16 14 13 16 2
39 106 62 107 158 10
58 67 67 82 142 14
75 128 120 110 70 6
46 51 77 70 71 3
62 16 15 19 25 3
42 86 90 52 90 4
74 51 94 90 43 2
36 25 21 25 19 3
6 78 57 55 84 2
5 47 36 64 41 4
49 10 17 28 27 4
14 58 87 33 34 3
31 82 75 65 65 4
9 52 79 49 66 2
36 19 25 23 21 3
65 161 104 157 150 8
10 18 17 28 15 4
31 63 96 75 34 4
24 25 19 21 26 2
7 10 27 20 23 3
15 94 66 50 60 3
0 71 40 86 37 3
75 96 53 40 58 2
76 15 11 12 18 4
49 39 51 62 62 3
78 17 13 9 15 3
40 139 59 129 58 6
51 65 34 48 63 4
31 54 43 37 58 2
6 73 40 62 48 4
3 73 80 68 38 2
49 19 22 10 20 3
33 38 49 96 57 4
31 10 11 19 21 3
31 18 12 20 29 2
25 82 69 66 83 3
66 15 24 22 28 3
26 96 90 68 66 4
64 68 77 76 60 3
4 95 82 66 67 4
29 15 27 13 10 2
69 22 28 16 28 3
35 11 22 19 19 4
44 133 90 85 99 10
61 131 121 66 120 9
12 19 11 13 9 4
24 13 21 16 28 2
48 159 130 159 139 9
18 151 157 132 102 13
61 159 146 122 96 13
43 13 12 22 27 2
19 117 162 135 75 6
46 36 70 68 43 3
56 35 56 62 54 3
14 22 19 20 11 4
66 146 111 76 136 13
37 127 82 116 145 10
52 45 39 95 79 4
13 12 15 11 28 2
15 28 26 11 28 3
27 90 66 55 87 3
30 11 25 21 18 4
51 69 59 97 41 4
28 14 13 11 24 2
42 16 15 22 21 4
70 56 84 43 42 4
73 47 51 79 73 3
17 22 13 11 23 3
79 85 139 93 157 14
7 115 140 99 95 7
24 19 13 22 17 2
79 32 41 36 97 4
50 112 114 129 92 9
9 17 24 13 28 3
1 87 49 64 40 4
73 130 70 94 162 13
8 79 49 60 36 3
16 25 26 13 15 3
67 45 62 78 44 4
70 44 59 53 67 2
4 138 155 129 142 5
6 97 93 52 56 4
43 80 94 57 49 4
50 27 27 12 25 3
57 17 22 16 13 4
38 25 12 28 27 3
76 12 23 13 24 3
67 22 13 11 20 4
38 79 48 94 86 3
36 16 12 25 21 4
61 69 64 83 42 4
13 83 53 77 35 3
23 134 99 103 88 6
18 25 27 24 25 3
38 110 159 125 90 6
51 24 19 19 20 4
48 26 21 21 12 3
71 96 40 77 55 4
41 47 86 57 54 3
28 158 92 71 124 6
20 93 36 97 93 2
24 56 67 91 68 3
73 65 120 101 71 11
25 75 49 94 52 4
27 35 41 55 60 3
23 74 38 42 87 2
69 19 24 10 11 4
54 12 15 19 26 4
72 124 134 67 68 11
53 157 87 133 146 5
33 59 53 84 58 4
12 135 58 106 102 10
7 92 62 102 123 10
69 81 82 93 52 4
45 47 94 54 89 4
76 44 42 39 49 3
69 26 25 16 27 4
8 90 33 93 61 4
11 17 28 14 19 3
61 10 25 14 25 3
25 87 64 37 42 2
52 65 71 51 43 3
28 28 14 24 18 4
55 123 159 67 129 13
62 57 82 80 84 4
46 149 84 100 119 10
31 68 83 44 37 4
29 81 74 46 44 3
74 43 61 37 40 4
67 36 96 55 65 4
22 129 68 115 115 9
0 102 146 72 143 6
1 70 56 85 96 4
60 71 36 74 39 3
66 34 94 54 63 4
15 140 119 98 82 10
19 83 66 53 52 4
77 11 13 21 20 3
57 14 25 23 19 4
16 70 94 65 43 2
57 102 145 113 135 9
71 60 63 69 82 3
43 42 72 58 78 2
67 24 18 18 27 2
78 86 73 55 44 3
77 89 70 43 47 3
31 20 20 29 16 4
25 54 38 42 44 2
23 62 156 106 128 7
34 28 25 28 19 4
25 27 12 21 20 2
16 14 20 27 11 4
77 22 26 19 27 2
74 17 24 10 11 2
5 67 93 54 75 2
64 27 28 12 14 2
3 24 19 25 23 3
27 35 90 79 93 3
77 60 60 58 63 3
26 87 45 55 46 4
7 58 68 93 95 3
58 21 23 14 12 2
57 18 28 21 21 2
60 22 18 13 17 3
55 11 18 22 28 2
21 66 135 149 103 10
72 35 56 65 33 4
10 79 63 46 79 4
30 14 14 20 16 2
71 45 80 72 93 3
63 56 87 54 75 4
50 61 54 69 45 3
49 34 79 77 67 4
29 60 91 90 74 2
35 160 125 139 84 11
66 90 68 122 56 10
7 55 61 41 72 3
72 66 94 80 71 9
31 93 57 125 94 6
54 12 11 20 15 4
79 138 102 142 110 9
14 107 165 115 126 8
52 53 74 80 64 3
63 26 25 14 27 4
60 102 85 117 77 5
14 58 88 88 44 3
7 37 79 34 33 3
36 10 28 11 13 2
78 78 61 60 50 4
79 59 39 46 48 3
64 53 62 34 83 4
59 16 26 26 12 4
24 60 83 37 45 2
22 97 63 50 92 3
6 97 93 51 90 4
37 74 112 111 101 7
65 16 18 10 10 3
5 34 60 89 89 3
39 68 57 71 72 4
23 50 67 38 92 4
19 41 68 69 58 4
5 144 99 134 97 6
45 81 45 90 88 3
33 71 161 73 115 7
10 66 121 99 60 13
1 67 68 157 87 7
59 84 53 74 60 3
5 27 27 13 19 2
21 11 17 17 27 4
33 155 162 73 142 14
32 28 20 19 12 4
45 62 43 76 33 2
20 41 64 80 38 4
22 135 74 59 138 10
27 36 70 87 93 3
8 23 10 24 23 4
39 24 20 26 12 2
47 40 91 75 44 3
71 58 66 75 53 4
1 78 63 92 88 2
69 52 88 83 55 3
6 35 96 97 73 2
50 90 150 159 95 8
55 11 12 16 21 2
28 13 13 16 28 2
26 147 79 142 67 10
59 42 84 87 87 4
37 55 85 65 137 12
58 141 150 132 74 10
46 78 80 89 76 2
51 110 124 71 62 11
50 71 35 93 77 3
59 14 10 13 20 4
76 42 55 85 43 4
11 58 47 88 74 3
8 25 10 16 22 2
25 15 23 22 28 2
43 24 25 17 12 4
76 63 42 73 54 2
12 83 75 66 85 3
30 149 62 120 95 11
3 67 72 58 60 3
41 78 47 90 68 3
43 13 21 27 17 4
0 120 83 118 159 10
21 128 161 76 109 14
41 16 26 12 10 4
30 54 82 82 73 4
34 73 50 65 87 3
24 73 94 73 40 4
10 75 115 137 145 7
74 71 51 74 82 2
42 89 34 35 60 3
74 46 89 34 92 3
17 151 126 113 137 12
2 139 76 86 99 7
12 12 16 17 27 4
18 10 20 28 25 2
42 135 82 103 130 11
57 101 157 130 140 8
4 50 42 88 34 2
45 86 52 80 41 2
72 60 76 94 97 3
52 18 24 23 11 4
44 111 149 140 113 8
41 95 43 58 56 4
37 94 75 132 160 8
13 92 45 45 71 4
60 70 64 50 92 3
12 27 29 9 20 4
52 54 55 72 64 3
48 75 114 63 138 9
20 113 123 87 152 8
36 43 63 61 34 4
24 81 93 59 66 11
76 136 63 115 69 14
68 134 97 61 151 12
56 48 34 51 40 2
79 17 23 18 28 3
71 28 14 14 27 4
38 73 36 45 84 3
10 77 69 61 73 4
2 91 93 40 36 3
3 55 71 85 87 4
37 75 37 43 94 3
23 70 56 87 71 4
54 22 22 17 28 3
27 54 49 58 60 2
59 42 87 48 68 4
30 76 76 160 154 7
7 93 92 90 34 3
74 89 78 86 34 3
12 73 68 90 57 12
31 23 22 14 28 3
35 92 48 88 34 4
36 25 10 12 15 4
26 20 27 19 29 3
43 90 87 34 90 2
70 27 21 21 24 3
42 21 15 20 12 2
59 93 53 83 51 3
24 141 122 61 146 10
1 64 98 124 152 11
22 28 10 12 25 3
70 13 28 19 9 3
45 18 20 9 20 4
77 15 13 22 15 2
37 58 75 52 83 3
65 105 156 105 131 9
78 27 18 19 19 4
2 28 22 12 22 3
2 100 161 158 73 13
19 62 96 81 66 3
68 83 119 160 135 13
75 75 132 144 73 7
51 24 20 20 12 4
38 72 41 85 83 3
75 91 57 57 49 2
55 19 21 14 14 3
39 23 27 14 12 3
51 122 56 124 107 8
4 41 51 84 89 3
12 15 21 21 9 3
35 51 45 58 40 2
47 73 51 55 72 4
8 38 36 69 36 4
38 11 19 24 13 4
61 65 93 48 79 4
39 38 77 35 69 3
62 42 49 33 83 4
78 25 23 19 27 3
68 77 84 92 86 2
74 46 32 70 58 4
26 11 13 21 24 3
38 10 21 26 11 4
30 51 38 67 66 4
42 52 46 58 90 3
29 12 28 13 23 3
30 21 22 10 18 3
29 21 22 22 20 4
9 21 15 23 13 4
35 85 79 93 105 14
72 11 14 11 26 2
46 154 106 120 97 11
41 22 16 26 18 3
10 51 33 96 74 3
27 13 27 13 13 4
76 42 39 60 82 3
64 88 139 134 60 5
0 78 71 36 44 3
78 140 112 63 128 8
68 131 153 67 149 9
64 20 11 26 13 2
19 148 105 62 85 14
79 116 141 141 104 14
49 19 10 13 29 3
20 87 126 76 161 5
40 25 23 26 13 4
34 63 80 72 71 4
68 18 26 20 15 3
57 159 139 92 105 11
68 106 129 106 146 10
6 11 19 14 11 2
14 55 92 92 83 4
11 54 91 55 88 4
11 79 90 69 49 2
17 69 49 89 90 3
8 95 45 71 42 2
9 29 14 13 21 4
75 12 15 12 22 2
1 13 22 22 14 4
6 68 94 77 96 3
4 69 80 93 54 2
67 50 40 72 42 3
21 91 64 42 66 2
37 13 22 22 22 3
17 69 72 35 90 3
29 84 57 58 41 2
70 19 28 15 26 4
63 10 11 10 27 3
50 15 18 12 10 4
73 104 165 79 68 9
5 163 70 111 112 8
34 87 162 73 139 14
10 105 88 153 154 9
16 18 21 15 10 2
63 48 46 83 58 4
48 38 76 93 51 4
43 55 105 109 134 7
58 38 45 48 60 3
69 49 55 49 53 3
28 127 80 138 68 14
11 66 89 141 66 12
62 42 75 57 51 2
4 28 17 14 16 3
40 92 73 66 45 2
13 74 46 72 50 4
68 47 84 56 64 3
29 75 72 53 85 2
3 66 47 60 72 4
66 150 122 102 122 12
23 80 41 69 50 2
52 71 47 51 50 2
52 38 59 47 34 3
22 13 23 10 24 2
7 85 141 94 57 11
48 64 96 131 74 12
75 11 12 28 21 3
53 127 125 155 133 12
60 36 37 65 85 4
4 11 21 20 20 4
46 35 65 66 50 3
30 133 128 122 128 6
43 25 26 23 17 4
18 57 90 66 61 4
49 34 48 89 80 3
2 142 128 120 155 10
31 23 17 11 15 4
7 37 38 91 89 4
40 76 123 88 69 13
58 29 21 13 12 3

