4
250
4 515 145 245 122 333 108 202 91
17 172 505 659 627 110 432 491 473
9 139 185 34 186 34 26 4 44
10 115 269 648 193 75 158 370 160
7 685 1019 1162 869 342 774 848 505
3 548 280 261 301 98 64 38 27
18 1003 754 562 965 905 471 494 671
6 138 153 114 192 70 138 60 141
5 561 194 1078 812 525 183 754 786
11 170 654 514 580 162 571 432 321
6 789 286 804 564 715 277 710 551
20 91 200 137 111 23 29 8 31
19 70 132 30 101 53 82 18 67
14 157 263 330 140 119 198 254 134
15 456 385 214 1169 256 344 183 783
6 925 1018 554 973 511 974 526 798
21 412 636 669 238 87 189 42 13
11 458 480 400 131 102 120 103 27
20 122 470 310 538 71 322 290 444
15 855 827 284 943 479 623 146 866
24 183 192 291 212 116 173 193 179
9 68 63 66 176 60 40 45 126
21 537 618 162 245 94 65 21 19
19 918 1030 680 483 60 55 167 26
15 122 129 108 56 9 7 19 9
7 41 198 59 54 36 139 52 50
3 54 62 176 201 49 33 150 143
14 497 298 390 665 406 197 254 525
5 455 566 405 150 393 492 218 145
22 454 244 212 448 42 21 17 105
13 151 180 192 201 13 20 47 43
24 579 589 415 259 393 485 238 206
15 205 31 33 105 30 4 5 22
1 658 686 232 402 487 504 215 357
11 54 153 199 105 45 130 188 93
12 237 820 1018 988 183 521 582 789
11 55 203 162 126 11 56 24 10
1 195 155 33 75 50 11 4 14
2 88 126 168 78 64 92 136 47
19 730 1101 1185 764 156 285 120 56
0 61 73 31 189 11 15 6 18
14 188 40 205 144 55 11 23 32
9 558 561 308 641 96 43 67 91
7 367 548 602 557 100 135 104 144
16 112 112 93 71 23 6 10 16
10 1036 922 432 992 262 203 79 244
2 380 629 388 207 20 52 22 56
17 575 387 570 135 106 97 115 34
17 685 576 613 445 399 418 429 326
3 1082 1178 249 1056 84 228 14 98
18 472 469 605 102 420 240 525 90
5 164 473 657 665 99 270 567 378
16 480 496 423 614 251 461 249 446
0 624 450 214 675 560 291 188 526
8 615 1132 216 911 159 141 29 157
4 587 263 162 273 577 205 83 254
3 76 129 32 180 13 13 3 19
8 244 920 1088 1104 17 161 55 253
14 561 452 627 571 436 363 315 366
18 247 334 809 911 36 36 134 182
13 188 687 388 292 123 669 233 219
12 176 205 172 111 9 52 37 5
6 359 674 426 797 229 545 273 715
10 415 411 172 678 79 54 31 51
0 195 168 70 181 31 41 7 12
3 85 134 35 119 22 37 6 27
15 31 125 169 186 9 13 11 14
4 48 54 165 64 45 30 138 33
23 218 217 607 163 133 185 444 91
1 180 102 150 96 28 6 24 10
21 638 837 555 598 99 105 118 78
1 207 542 391 144 57 87 42 8
10 676 305 478 313 558 225 279 217
4 594 520 695 722 53 114 111 86
19 752 202 1075 616 194 26 289 49
18 195 1141 619 1165 47 134 109 93
19 204 69 101 32 198 61 73 27
15 286 954 502 343 258 829 407 287
5 415 600 660 135 37 95 84 15
13 687 722 535 879 104 53 120 75
18 532 879 448 1134 293 486 366 971
2 308 361 553 573 176 255 300 442
21 278 679 208 616 151 459 173 340
23 33 143 51 125 18 136 34 85
17 855 782 308 469 180 201 27 140
0 317 290 231 347 23 38 41 17
22 138 448 361 283 92 282 274 159
24 669 1091 925 598 522 1077 830 442
14 464 665 595 676 123 46 58 113
10 423 546 192 624 387 509 165 321
7 113 42 169 189 111 40 142 188
24 377 402 664 549 363 347 444 467
19 208 101 90 185 14 22 7 34
8 31 38 91 73 6 9 5 6
22 281 272 686 638 205 172 411 471
0 317 714 335 782 234 668 205 597
3 223 192 511 102 148 133 329 75
8 735 812 1106 313 447 520 572 290
23 606 364 382 465 83 68 99 95
13 746 719 520 649 378 680 331 626
11 43 169 69 83 23 103 47 57
22 898 1139 576 339 128 283 61 84
15 318 703 1021 667 161 442 809 497
6 1180 575 247 1137 663 466 241 900
5 346 608 548 537 27 89 64 128
22 125 133 142 169 107 86 123 152
24 528 181 313 514 367 100 209 506
7 645 294 487 310 98 42 66 18
9 585 239 685 243 157 25 125 18
14 344 532 545 560 202 433 317 333
18 169 65 170 71 20 13 20 9
11 50 122 117 64 41 63 59 44
22 154 137 371 184 128 97 341 124
23 179 224 373 126 10 31 19 33
17 177 84 194 120 42 12 20 6
8 435 142 649 131 106 33 123 32
6 501 668 290 365 392 481 260 211
24 199 625 499 232 187 362 414 230
11 733 764 844 673 76 116 219 171
20 205 126 148 172 178 104 123 124
13 119 147 208 171 61 141 186 131
2 104 561 213 514 24 151 41 90
13 741 706 476 355 177 118 24 51
4 364 216 425 587 259 201 330 495
24 549 670 154 101 385 524 128 67
2 714 555 908 1072 213 161 47 245
19 626 412 103 170 596 293 60 119
14 102 178 203 205 21 33 48 34
8 241 470 537 380 183 310 494 249
23 199 76 98 172 27 12 21 46
21 622 280 530 585 405 170 309 547
24 44 89 62 170 39 71 34 89
12 934 349 792 726 168 58 92 200
19 54 62 56 88 13 9 15 24
3 46 201 84 92 7 43 17 24
14 320 640 208 419 297 466 178 374
18 580 491 227 339 309 255 212 187
5 363 974 488 810 274 969 481 685
13 139 175 207 50 107 128 196 28
10 665 615 121 537 648 348 112 352
17 197 739 913 546 127 487 831 536
21 153 93 130 111 23 14 37 9
6 163 327 126 157 25 40 18 11
1 126 139 171 55 37 35 39 14
11 624 366 522 1102 129 57 29 132
0 547 662 467 305 83 154 85 47
7 555 622 989 677 98 49 170 52
0 200 71 148 30 37 7 26 4
12 1172 907 1037 1023 912 576 913 613
5 157 144 127 168 25 33 32 20
13 457 775 250 1106 301 476 188 906
20 883 486 312 392 174 125 80 96
12 433 836 791 333 411 521 505 274
3 110 43 153 119 101 42 85 71
8 51 160 80 72 4 17 12 12
22 1108 939 908 990 789 558 479 497
16 332 678 315 411 209 630 207 386
22 804 810 949 957 532 546 698 498
2 499 720 764 980 82 87 43 147
20 659 1116 677 689 406 837 675 378
10 505 499 333 336 275 304 260 201
15 382 1174 486 944 284 826 352 719
15 636 450 530 202 149 94 129 42
22 172 808 606 404 35 70 135 79
20 110 124 64 185 74 78 53 95
14 1178 1142 874 234 888 1042 594 142
8 350 265 198 128 242 151 148 74
23 221 904 487 1111 161 853 379 886
24 622 372 564 566 138 84 107 125
4 601 246 117 297 52 47 19 47
6 515 162 546 248 44 35 96 16
20 313 256 408 449 61 35 26 59
2 852 589 691 599 252 48 41 161
7 127 147 192 570 111 107 143 438
19 659 345 639 680 557 215 390 670
12 874 213 442 518 49 41 74 57
16 152 156 108 180 22 28 23 47
14 164 217 250 608 12 24 35 45
18 66 78 75 153 62 47 39 115
0 489 297 143 649 475 193 102 646
19 622 230 548 619 63 39 52 49
10 616 496 247 275 127 85 46 15
7 309 406 295 691 81 63 20 166
16 100 123 199 101 10 33 21 24
16 241 714 577 1137 42 109 153 162
17 56 114 54 192 54 65 29 167
6 1036 441 956 880 963 246 508 450
12 169 102 435 618 44 24 119 116
21 183 160 102 98 175 94 65 79
5 531 448 286 276 127 94 66 75
9 252 300 511 394 41 88 79 73
0 190 94 53 110 20 9 8 29
3 417 640 1050 723 387 565 648 666
9 475 553 885 546 298 356 735 406
16 428 313 231 667 107 50 16 143
5 427 501 931 313 426 385 706 245
17 781 400 606 290 645 329 361 225
12 133 39 36 175 19 6 8 43
16 446 620 671 452 407 415 560 239
7 1038 928 320 432 56 197 55 67
23 1119 602 522 1038 859 468 472 690
6 652 479 530 220 465 414 423 156
1 1186 632 320 446 825 452 287 362
11 342 507 419 293 85 68 22 52
11 38 185 41 175 5 9 6 13
21 505 374 651 514 73 70 127 136
1 350 425 349 345 200 368 262 302
16 207 125 151 48 54 28 36 5
21 386 258 586 351 46 50 121 49
20 1112 441 506 581 81 92 124 30
10 638 1037 1117 482 57 290 324 35
8 983 1005 981 955 107 121 210 57
4 927 600 640 938 229 161 75 113
2 526 558 426 467 441 314 216 394
23 264 315 1071 993 183 203 976 761
13 108 155 30 81 24 44 2 7
9 891 455 771 898 159 84 67 133
3 197 145 118 83 99 133 63 74
18 278 548 421 697 261 464 258 365
16 971 1106 929 995 646 702 569 852
9 1139 501 613 905 1042 308 491 592
5 231 949 706 848 62 95 70 107
0 471 373 945 674 108 77 242 118
17 495 237 499 287 295 186 437 208
12 543 512 230 414 500 357 198 222
17 303 663 473 303 265 435 354 268
24 572 420 583 220 563 214 403 184
9 544 737 641 717 398 574 404 637
23 219 1044 370 733 48 166 31 200
20 186 580 201 211 139 552 123 198
4 671 1132 730 1165 407 1042 681 1088
18 811 654 1047 409 137 112 88 109
12 226 179 406 697 66 18 71 181
10 158 127 42 43 47 17 6 12
9 198 208 98 183 99 126 88 124
15 72 153 131 182 17 33 7 9
4 248 584 671 365 228 300 613 222
2 41 200 62 109 39 162 61 81
1 1113 279 746 1046 326 39 223 172
20 317 230 333 1032 267 159 273 919
23 453 461 400 395 269 310 216 347
2 83 61 89 209 18 6 13 31
21 89 178 157 98 17 18 13 11
4 193 195 63 133 144 183 56 104
22 685 127 472 225 475 66 278 143
1 134 178 178 58 79 121 152 42
7 185 51 190 94 99 32 127 81
1 114 196 96 167 85 172 79 117
13 121 91 41 147 104 76 36 113
8 712 945 244 551 393 878 175 480
80
6
2
2
7
3
9
9
2
4
9
4
7
7
7
8
1
7
7
5
6
8
4
7
1
1
1
1
1
1
1
1
1
1
1
1
1
1
1
1
1
1
1
1
1
1
1
1
1
1
1
1
1
1
1
1
1
1
1
1
1
1
1
1
1
1
1
1
1
1
1
1
1
1
1
1
1
1
1
1
1
800
30 41 33 94 45 3
74 83 88 38 88 3
76 58 59 43 96 3
7 16 12 17 16 3
36 17 24 24 23 4
65 110 103 99 135 12
25 95 79 63 80 3
29 38 72 64 69 4
10 41 88 76 61 3
49 89 74 35 50 3
56 81 44 71 40 3
30 11 15 15 10 4
35 65 71 59 57 4
19 12 10 27 19 3
20 15 16 26 25 3
67 53 69 46 72 3
58 92 96 83 43 4
13 137 97 56 60 5
68 86 53 93 45 4
58 37 52 89 82 4
50 42 82 53 88 2
10 95 71 67 49 4
21 83 66 63 54 3
26 96 94 71 35 2
1 74 81 92 83 3
38 33 41 35 51 2
33 92 52 52 78 2
42 21 19 14 23 2
44 75 74 91 66 2
34 61 68 87 62 2
45 14 14 18 20 2
60 51 81 45 42 2
64 92 81 93 67 3
20 61 50 42 91 2
46 88 41 85 48 2
38 104 126 58 87 8
51 75 67 64 63 4
72 73 88 81 64 3
78 17 18 18 11 3
4 136 119 135 83 13
67 68 42 81 57 3
12 46 56 50 51 2
8 22 25 12 28 4
62 23 24 9 23 4
21 48 65 53 35 3
48 86 84 96 49 4
23 24 17 20 17 3
1 24 23 24 20 4
59 39 62 64 64 3
74 34 43 39 78 2
47 15 17 11 18 4
20 87 94 81 94 3
23 10 19 18 17 3
52 23 25 26 18 4
31 13 27 16 24 3
34 19 13 13 26 4
0 48 64 77 59 4
55 17 29 10 24 3
30 95 149 96 81 6
44 22 15 13 14 2
68 34 93 45 87 3
37 45 39 58 82 3
39 38 87 44 85 4
41 93 70 66 71 2
31 108 137 88 151 8
21 112 57 77 61 10
16 84 128 123 56 10
47 83 43 56 78 3
63 67 93 66 84 3
9 49 44 94 87 3
1 25 12 28 15 3
39 10 12 16 11 4
70 25 15 25 23 4
9 22 19 19 16 2
42 72 46 77 91 3
55 77 82 54 41 3
20 34 53 32 42 2
65 25 26 24 20 3
78 64 52 68 76 3
46 44 47 44 84 4
17 52 86 72 61 2
27 50 77 41 52 3
66 33 87 55 47 4
44 93 80 76 84 2
22 81 59 57 59 2
22 60 63 49 74 3
22 11 16 13 15 2
61 49 49 38 81 4
64 26 27 19 27 4
42 92 62 77 73 3
15 65 65 157 74 12
15 75 36 90 61 3
14 159 114 109 95 6
72 22 15 17 19 4
48 37 66 48 60 4
48 43 65 75 83 3
32 83 157 72 72 12
33 78 38 60 94 3
51 127 110 68 161 5
64 15 16 13 21 3
55 104 59 158 122 10
38 70 33 70 84 3
56 18 22 9 11 4
48 21 22 27 15 4
25 91 124 103 163 13
33 32 57 81 93 2
32 16 19 11 27 4
51 34 82 87 75 3
74 82 152 143 105 14
35 115 112 87 105 14
51 89 54 79 39 3
38 36 70 52 95 4
9 68 68 58 43 4
71 22 12 13 20 4
77 72 89 65 124 14
67 67 74 75 66 4
53 53 81 86 37 4
66 28 23 14 10 3
55 159 157 158 121 14
58 56 67 81 73 4
71 61 35 52 67 3
32 23 26 21 10 4
75 70 88 85 72 3
61 95 95 81 84 3
2 79 60 80 80 4
37 51 40 48 45 2
70 13 21 20 20 4
57 13 26 25 24 3
31 94 46 59 91 3
41 78 47 83 64 4
42 98 93 132 82 12
25 48 40 89 97 4
29 23 24 28 21 4
75 72 45 41 77 4
24 54 64 81 79 3
40 56 149 94 123 6
37 26 25 13 18 4
17 91 35 83 49 3
26 45 86 36 67 4
57 39 54 55 74 3
4 78 59 84 60 3
69 87 76 58 83 3
7 14 19 15 19 3
25 20 24 12 20 4
15 143 161 136 155 11
46 125 140 115 112 12
66 60 80 44 38 2
6 20 13 22 26 3
4 148 123 110 76 11
34 73 89 75 95 3
23 59 40 69 73 3
37 19 16 13 27 3
51 15 9 19 25 3
8 52 38 89 91 4
12 50 69 96 83 3
51 57 82 71 74 3
28 24 10 17 16 3
15 144 161 149 125 9
71 88 74 44 53 2
79 45 46 52 90 4
50 91 48 96 72 4
47 63 33 77 93 4
13 136 57 110 102 7
11 64 60 95 82 4
12 11 25 20 16 2
5 18 12 24 25 3
19 10 18 20 23 4
66 61 46 44 52 4
34 24 15 18 20 4
77 23 17 28 18 2
74 88 47 39 58 2
38 18 15 16 11 4
47 65 98 142 120 11
31 16 16 17 13 4
20 146 65 72 95 13
7 89 37 94 81 3
49 61 79 59 35 3
43 73 88 50 66 3
2 142 156 59 144 12
25 28 26 25 23 4
41 36 78 89 90 4
55 25 19 19 15 4
1 105 129 141 74 12
78 20 11 27 10 3
4 77 41 42 84 3
4 97 83 55 82 3
4 14 23 29 26 4
36 14 19 14 22 4
12 48 78 59 50 3
56 164 111 132 57 10
66 64 127 155 123 6
30 27 29 25 16 4
0 138 90 78 98 10
64 28 15 10 16 4
15 116 142 118 111 12
75 13 19 20 10 2
67 54 42 93 71 2
78 21 12 15 11 2
43 50 32 83 56 4
12 66 85 58 37 2
14 128 155 92 153 10
6 24 28 12 20 3
68 38 84 92 52 2
9 60 74 121 132 11
58 78 80 71 43 3
57 19 20 14 28 3
18 93 59 87 124 8
14 70 57 51 51 4
57 37 52 79 57 4
24 20 20 20 10 4
5 15 18 9 18 4
1 84 93 59 36 3
29 76 99 163 124 13
27 15 15 11 24 3
6 25 13 13 25 4
75 74 65 95 60 2
73 137 105 138 144 14
53 81 66 62 61 2
47 88 111 60 62 5
54 81 69 48 66 3
21 86 66 85 69 2
76 86 56 96 41 3
37 36 86 77 61 4
27 35 94 66 72 2
47 85 117 112 148 14
34 24 26 16 14 4
65 17 26 17 16 4
29 126 68 92 118 13
43 39 71 76 82 4
2 65 70 66 60 3
78 13 23 12 11 4
29 64 48 96 75 2
46 72 41 93 72 3
1 132 65 90 83 12
53 91 91 75 41 4
72 75 84 51 55 2
10 18 14 20 27 4
41 91 60 80 85 3
42 101 144 131 84 7
34 98 76 129 141 6
53 62 88 48 76 4
57 85 45 97 41 2
72 53 88 87 44 3
74 28 15 25 27 3
29 94 88 63 52 3
73 95 85 50 69 3
9 70 51 79 38 3
58 64 54 89 51 3
66 97 72 151 71 13
79 9 19 25 15 3
32 27 28 9 26 3
2 106 161 63 144 5
35 27 17 14 24 3
11 24 25 11 27 3
24 26 16 24 16 3
64 35 52 86 48 3
76 20 17 17 15 3
17 64 50 56 65 2
26 135 69 113 76 14
73 59 40 70 71 4
48 14 21 26 26 4
6 72 69 78 78 2
46 95 151 70 91 10
33 124 154 108 98 14
4 35 45 91 80 3
18 67 140 128 99 9
2 144 157 60 125 11
5 73 48 94 62 2
21 95 42 52 54 3
76 65 73 45 97 4
26 66 37 52 64 3
44 41 55 37 37 4
37 83 49 90 56 4
9 130 145 61 147 6
8 25 28 22 27 4
77 108 139 127 152 6
49 86 69 34 83 2
78 36 93 52 63 3
53 85 157 64 138 9
5 26 14 11 10 2
26 78 71 73 47 3
28 53 46 84 59 2
69 58 157 149 124 9
7 42 88 49 47 4
47 26 13 27 21 4
38 53 82 45 42 4
33 56 69 75 32 3
47 58 81 39 38 3
49 82 81 113 66 14
27 91 96 72 72 4
23 61 52 69 76 4
74 76 58 71 78 2
16 162 89 123 109 7
62 17 18 14 20 2
62 23 17 23 17 3
6 26 19 9 11 4
5 16 22 10 27 4
44 70 56 76 36 4
22 59 91 94 76 2
12 77 95 35 87 3
49 48 46 90 91 2
48 69 89 50 84 4
27 38 59 59 34 4
54 95 88 34 36 3
3 13 18 14 23 4
40 72 93 38 37 4
9 97 74 86 75 3
0 38 67 48 74 4
11 70 37 88 62 3
7 44 87 69 93 4
21 150 146 135 115 7
10 56 91 35 81 3
27 117 101 124 158 9
74 68 85 65 58 4
63 103 137 86 87 8
13 89 55 37 33 2
19 71 62 75 33 2
75 90 93 57 62 3
71 75 50 81 56 3
68 25 10 25 19 4
58 103 101 85 103 11
45 70 84 64 94 3
59 75 38 55 84 2
19 88 90 51 42 2
19 85 41 80 40 3
67 84 51 80 40 2
62 92 38 51 90 4
67 24 24 14 15 3
61 68 96 67 59 4
31 24 14 11 24 4
15 51 85 40 71 3
28 14 13 20 25 2
26 78 135 153 147 5
65 60 84 91 39 2
71 88 50 39 83 3
69 25 25 25 20 3
24 20 28 12 28 4
21 10 20 17 22 4
7 99 114 112 108 9
62 27 27 19 26 2
1 11 27 21 15 4
45 28 14 23 20 4
28 51 58 92 35 3
41 111 101 118 158 8
72 16 26 10 13 4
50 163 67 150 65 9
0 161 142 123 114 12
19 46 65 45 72 3
25 71 43 62 61 3
0 88 60 72 76 3
69 53 58 85 78 4
70 85 68 88 38 4
59 50 58 54 36 3
11 26 19 18 19 4
10 79 77 60 52 2
19 67 94 33 52 4
6 51 39 79 80 4
79 83 80 49 39 4
51 88 96 39 41 2
16 21 18 28 20 3
20 12 27 26 15 2
33 137 125 76 157 11
70 34 81 47 94 4
24 80 74 94 59 4
51 83 96 36 90 2
39 83 40 81 48 2
76 19 15 11 19 4
38 11 27 24 19 2
40 18 24 15 28 2
15 99 103 102 110 10
64 84 56 37 51 2
13 61 44 87 56 3
18 16 26 17 29 4
35 80 74 36 80 4
62 40 84 41 83 3
71 92 86 50 70 3
48 9 19 27 25 3
9 55 94 64 130 9
56 20 20 27 29 4
47 27 21 28 21 3
60 25 21 10 15 2
14 25 17 16 14 3
72 51 88 32 39 4
61 79 52 39 54 3
23 80 77 127 117 14
33 81 75 67 87 3
79 19 22 23 16 4
0 64 94 81 62 4
5 43 87 92 70 3
45 91 164 145 70 8
52 64 38 65 96 3
44 79 81 71 36 3
44 18 14 22 27 4
65 27 9 14 21 2
56 70 70 39 55 3
30 16 16 16 11 2
6 37 94 37 66 3
3 38 95 77 45 4
68 63 73 82 37 2
79 76 86 49 66 4
19 50 56 78 86 4
23 50 69 73 50 4
35 23 15 28 12 2
18 152 165 95 98 10
63 82 58 44 57 4
71 124 85 83 131 10
21 61 39 70 74 2
78 27 12 17 18 2
38 111 164 59 127 5
31 148 57 86 64 11
52 25 24 17 25 3
72 122 138 93 155 8
25 64 155 145 119 9
4 89 69 67 158 14
29 25 22 9 14 2
27 68 41 47 87 3
1 18 12 22 23 2
71 20 27 27 12 2
70 24 26 17 15 4
43 41 40 58 81 2
71 88 74 37 50 4
14 19 12 12 15 4
66 26 15 25 25 3
56 16 19 12 23 2
52 91 89 45 69 4
21 70 55 61 65 3
14 86 83 47 79 4
68 10 26 28 15 4
36 87 44 68 46 3
68 16 19 23 27 4
26 12 28 18 22 3
14 41 39 56 68 4
24 10 11 21 13 4
41 27 29 10 12 4
16 56 106 137 140 12
70 64 77 58 50 3
77 23 19 17 12 4
9 24 23 11 21 4
44 62 59 68 113 6
53 14 16 23 19 4
33 50 55 63 85 3
79 72 87 60 68 3
17 71 87 34 67 3
56 94 69 91 42 4
20 140 92 155 75 8
28 63 38 66 36 3
8 135 74 104 70 6
10 111 65 150 122 10
22 58 75 71 42 4
63 46 47 38 84 2
21 50 85 54 87 4
57 38 71 59 61 4
61 11 25 28 10 4
49 25 21 21 10 4
45 16 20 12 23 3
16 92 67 87 69 7
17 26 10 18 23 2
64 19 28 25 11 4
62 59 65 67 73 4
76 59 74 76 84 4
54 47 94 53 41 4
50 157 131 143 165 8
70 37 44 96 50 4
0 71 80 86 144 6
5 157 129 83 78 11
13 10 25 21 24 2
27 26 11 20 14 3
8 64 37 49 51 3
46 42 62 78 80 3
0 23 15 23 11 2
76 95 73 54 46 2
59 13 24 28 25 4
69 34 47 94 57 4
51 121 76 107 109 9
74 11 25 18 28 3
68 90 49 51 60 4
22 68 50 79 86 3
34 47 71 60 65 4
67 86 32 69 74 3
53 105 74 146 124 7
18 77 78 58 53 2
2 16 21 28 26 2
47 17 12 15 18 3
63 39 88 77 57 4
49 143 91 97 97 14
77 162 76 129 164 10
52 62 52 92 42 4
43 56 70 91 33 2
40 18 22 17 23 3
38 89 63 70 50 4
56 25 27 17 10 2
52 123 138 77 137 11
60 24 24 28 10 4
3 26 21 19 20 3
54 86 91 66 87 2
60 49 93 74 32 2
2 49 33 71 53 2
17 71 56 56 74 3
7 88 57 62 92 3
18 157 97 75 147 9
68 34 54 40 72 4
36 17 17 25 26 4
19 156 94 158 111 10
22 133 147 83 109 5
32 90 71 36 44 2
50 86 73 82 70 3
76 163 155 67 130 9
36 46 92 55 43 3
37 68 43 63 82 3
57 21 18 17 16 4
77 81 71 43 76 4
23 25 14 25 23 4
28 47 96 56 65 4
72 44 94 55 39 2
60 78 51 75 86 2
63 40 46 74 82 3
73 14 20 17 24 2
30 72 86 40 74 3
46 49 38 34 77 2
75 100 130 114 155 6
66 86 62 63 89 2
26 18 25 22 27 4
70 80 86 91 43 2
34 73 76 94 56 2
48 103 140 120 88 13
3 82 114 95 86 6
0 21 24 19 10 4
28 25 24 16 25 3
22 27 16 18 26 3
68 15 27 11 22 3
35 53 42 66 88 3
46 96 65 72 76 2
4 42 44 54 70 2
22 64 73 121 132 10
33 59 59 50 74 4
40 12 25 26 28 3
48 127 123 163 156 5
10 85 79 79 43 4
15 84 40 70 56 4
77 98 58 114 92 5
46 75 85 43 59 4
18 12 28 15 21 2
18 90 62 77 96 4
8 78 42 36 71 3
65 22 25 20 17 3
55 41 46 80 43 2
61 86 140 115 150 11
52 23 24 21 12 2
66 69 66 86 85 3
65 20 11 10 22 4
61 23 21 24 27 4
11 49 61 60 34 4
41 21 20 15 22 2
30 12 28 18 25 4
45 21 18 16 23 4
69 55 68 78 80 3
56 60 36 88 58 2
8 28 26 22 28 4
18 66 44 34 74 2
69 13 25 16 21 4
59 22 19 22 14 4
39 86 45 41 79 3
14 10 16 22 11 3
26 63 61 74 76 2
36 33 96 57 70 4
57 65 59 50 71 4
78 92 50 52 91 4
63 25 28 13 19 4
5 56 80 51 62 4
39 75 42 79 81 3
59 25 18 16 24 4
0 71 46 53 88 4
40 71 158 130 99 9
37 37 41 59 43 3
11 71 68 81 40 3
69 41 54 76 49 3
33 154 154 73 128 12
73 48 83 44 92 3
61 71 45 87 79 4
39 21 15 16 22 3
32 82 66 144 111 7
59 41 69 78 84 3
62 147 149 139 131 6
18 68 96 70 62 4
10 62 43 79 33 2
66 47 56 85 47 3
64 100 104 56 83 14
20 86 68 43 85 3
56 72 64 47 62 4
7 21 21 21 11 3
17 86 68 55 49 4
11 89 157 69 97 14
12 96 62 89 36 3
29 138 129 124 63 14
48 14 27 10 20 2
58 21 10 25 21 4
20 98 107 94 117 13
25 107 143 106 86 13
3 13 19 21 20 4
35 11 28 14 11 4
36 43 41 41 65 3
73 52 34 50 94 3
74 87 76 60 78 4
24 35 55 39 53 2
57 65 94 46 86 3
43 96 48 65 45 4
3 80 87 79 71 2
31 140 92 137 108 8
50 10 23 11 25 3
72 33 40 72 43 4
50 65 93 79 46 3
27 123 152 66 106 13
52 12 24 27 25 3
8 88 86 88 90 4
69 54 61 41 91 4
8 86 59 45 64 4
14 47 69 96 54 4
44 27 13 19 28 3
36 151 109 71 149 10
45 120 116 152 140 5
17 124 82 116 72 6
59 139 154 125 111 13
3 22 14 23 29 3
15 45 88 86 93 2
39 45 47 40 83 2
43 99 117 127 94 8
27 60 33 82 83 3
42 86 87 95 46 3
29 111 109 120 130 5
7 74 49 60 89 4
61 11 24 24 25 4
29 88 65 87 48 2
32 53 52 68 57 4
61 36 60 61 68 2
30 66 56 90 52 4
77 65 83 44 88 4
40 20 29 27 24 4
42 100 104 84 111 14
16 59 47 76 59 3
16 72 85 97 80 2
1 20 25 11 16 3
54 127 129 82 112 6
71 19 26 16 17 4
43 87 52 67 69 4
54 74 48 53 59 4
67 50 56 48 52 2
73 54 61 38 95 3
12 33 45 51 49 3
50 96 58 53 40 2
53 26 13 21 15 4
5 76 71 49 39 3
64 16 9 19 19 4
22 35 65 83 88 3
77 49 33 89 91 3
72 147 67 90 121 7
40 12 28 14 17 3
79 19 26 10 19 2
24 12 19 28 13 4
75 13 19 20 19 2
49 56 70 76 81 2
65 49 54 95 82 4
3 112 130 143 146 12
19 47 42 33 69 2
60 24 11 22 19 4
26 67 95 40 42 3
54 18 15 18 26 4
10 82 97 88 71 4
31 45 87 40 55 3
36 82 48 87 93 3
70 15 26 10 17 3
25 92 73 67 77 4
43 44 79 74 48 4
37 68 71 74 58 3
53 52 95 52 71 4
32 49 50 79 56 3
59 88 93 44 82 4
74 61 154 85 159 5
28 68 156 87 96 11
24 106 74 119 160 11
78 96 65 72 81 3
76 18 14 22 21 3
35 46 60 46 94 2
13 68 65 123 76 6
13 36 38 38 65 4
54 89 52 35 94 2
23 12 13 11 28 2
63 28 18 22 25 2
49 80 95 64 92 4
11 68 83 32 83 4
58 144 89 143 62 6
16 65 52 90 88 3
39 59 55 72 59 2
32 81 72 64 95 2
41 126 140 95 66 8
6 20 25 9 23 3
6 37 52 35 80 2
31 68 44 84 92 3
54 74 111 129 87 13
11 61 63 59 53 2
34 79 79 46 89 3
69 26 17 29 25 2
7 151 135 133 116 6
42 9 16 20 22 2
24 88 83 64 52 4
2 62 44 84 34 3
4 79 35 35 63 2
32 16 17 11 20 4
60 108 147 56 154 14
11 46 84 82 37 3
65 23 29 13 15 3
16 42 63 51 85 4
75 68 39 83 87 3
60 85 48 64 75 4
8 72 91 77 53 4
77 90 74 34 57 4
2 26 13 27 26 2
73 52 81 89 67 4
79 51 52 79 33 3
55 81 82 41 89 4
36 19 28 20 21 3
15 53 57 93 49 4
67 113 155 159 81 13
40 84 75 47 48 2
67 10 19 14 15 2
62 11 11 13 23 4
63 14 15 14 22 3
51 58 77 33 41 2
9 155 66 106 76 13
75 94 79 38 64 4
14 65 37 78 50 2
39 92 149 92 156 6
52 19 16 17 16 4
53 81 67 85 85 4
12 77 96 34 62 3
76 16 22 26 24 2
50 60 37 42 88 3
43 96 75 64 58 3
28 66 64 154 78 14
28 91 128 75 145 12
46 20 11 15 16 3
70 65 65 69 49 3
40 65 77 41 47 4
44 44 40 88 94 4
63 19 15 22 23 2
57 117 79 99 77 9
54 24 18 25 26 4
17 44 73 83 75 2
3 24 19 16 19 3
13 74 57 82 46 3
58 33 47 36 33 3
23 143 68 130 102 5
73 61 80 64 79 4
31 160 149 153 157 7
2 70 75 41 39 3
55 37 97 83 51 3
79 46 62 96 61 3
12 59 35 35 86 4
49 86 64 51 37 4
1 101 110 76 155 9
73 47 57 88 47 3
50 44 80 57 42 4
45 24 27 26 15 3
10 16 14 15 27 2
35 77 153 73 110 9
25 61 41 85 82 4
41 28 27 26 25 3
45 54 79 69 54 2
78 155 64 140 102 12
3 36 67 74 84 3
34 12 15 10 27 3
62 28 21 10 15 4
37 42 57 85 81 3
60 27 25 16 18 4
45 42 82 80 63 2
55 18 17 17 28 2
30 46 38 96 70 4
35 23 26 15 19 4
30 10 26 15 27 3
38 97 78 34 76 3
58 73 148 150 163 8
23 67 89 96 49 4
60 42 95 34 68 3
65 49 69 94 68 3
6 44 65 44 46 3
42 38 42 45 95 3
75 23 27 21 24 2
64 14 18 12 9 3
5 27 13 14 17 2
41 43 71 72 43 4
59 57 75 74 73 4
79 54 42 50 74 4
16 114 164 113 142 8
17 158 122 118 144 6
52 11 20 24 14 3
13 35 34 43 53 4
20 77 32 33 95 4
55 20 15 19 24 4
13 13 12 11 14 4
42 94 80 77 38 3
39 79 85 82 34 4

