4
250
7 569 135 319 284 517 78 226 191
14 197 100 95 182 42 23 25 34
24 43 30 142 103 12 4 23 19
1 438 590 192 634 55 163 22 83
19 143 203 124 174 24 35 11 29
8 415 173 647 379 66 47 191 38
19 666 290 603 306 44 58 81 19
3 166 148 184 119 24 31 47 26
2 172 261 562 479 126 164 332 329
7 130 53 76 196 33 15 21 18
18 464 615 366 488 105 30 96 113
15 147 70 42 34 23 11 11 8
11 180 191 140 191 123 186 130 174
16 107 32 134 110 65 19 108 82
12 106 209 35 129 87 156 31 99
20 117 198 106 109 107 154 87 59
13 241 497 559 506 167 365 444 370
16 149 589 280 301 140 317 256 208
20 57 170 123 163 16 19 30 33
11 626 441 690 556 431 240 622 480
4 853 797 660 956 568 697 448 953
14 193 80 162 205 106 77 97 126
16 132 195 87 147 107 123 64 101
2 41 191 140 92 7 54 21 20
16 279 859 898 822 261 713 755 614
3 212 665 404 486 51 185 114 25
22 1074 368 539 1162 74 76 40 82
1 128 83 97 167 87 71 92 142
9 993 882 1004 1032 514 756 752 753
22 527 142 270 118 35 40 47 31
8 185 118 77 152 113 78 75 119
24 1175 800 744 1068 210 50 186 277
2 120 87 163 173 85 76 95 116
4 223 398 202 696 42 83 54 115
12 54 95 209 47 35 84 200 36
7 621 592 643 441 39 67 54 31
7 181 51 57 201 137 27 33 137
3 149 154 32 160 80 149 29 94
20 964 771 903 424 612 431 727 288
15 131 188 396 330 14 18 112 33
8 149 81 208 178 85 43 115 125
17 898 519 271 627 184 93 14 54
17 164 283 430 520 153 252 415 453
8 639 481 171 416 51 50 24 57
9 108 98 153 99 9 11 10 26
3 840 898 635 955 803 655 343 759
22 1054 415 703 993 795 237 372 964
24 626 1070 584 1087 183 213 64 277
21 427 548 306 356 355 384 213 294
22 1033 1013 653 208 726 950 574 156
8 415 606 114 604 408 352 85 456
15 165 174 190 52 87 164 137 47
24 439 633 640 387 321 368 517 232
8 571 311 128 321 44 34 23 21
0 32 117 132 60 2 13 35 12
19 424 211 524 503 51 27 64 94
4 347 355 430 540 284 180 393 370
21 88 150 114 131 67 84 101 70
19 654 651 1176 1144 177 117 266 326
11 987 526 200 995 127 68 17 106
12 307 224 352 221 26 33 93 20
14 152 210 271 552 15 27 19 110
20 911 391 743 512 183 100 63 83
15 1034 1156 447 1178 214 327 72 168
15 55 184 168 37 13 32 39 10
17 347 333 694 376 53 55 193 78
5 651 661 130 219 178 146 7 55
21 1144 650 902 834 1021 359 742 632
14 532 492 1047 728 64 76 206 206
17 591 481 671 549 46 81 116 127
23 452 121 104 679 124 31 14 183
9 633 225 599 134 603 176 524 93
24 727 1083 1109 1034 106 85 120 249
6 266 551 207 243 52 156 37 27
13 495 528 277 521 484 484 170 421
17 256 419 569 395 134 403 431 203
23 610 1183 754 909 145 133 169 146
6 90 190 142 42 64 169 102 21
22 226 384 214 155 26 73 49 20
17 509 445 486 474 396 230 373 374
0 682 1062 609 459 671 547 510 333
13 114 47 127 95 17 9 23 28
12 914 1021 244 614 691 816 201 609
24 100 81 197 103 6 5 16 6
22 289 631 461 370 146 460 377 311
13 195 43 203 79 17 6 20 10
5 341 144 223 636 328 72 179 607
3 379 817 1056 526 25 173 211 81
19 162 31 71 96 119 26 37 59
20 693 639 1042 747 353 379 681 480
22 406 513 596 497 372 383 316 303
14 171 180 108 142 103 130 71 91
0 152 204 75 178 78 164 63 154
4 196 648 442 403 98 544 377 380
11 508 340 476 789 491 226 285 555
0 192 315 196 686 47 23 56 70
13 726 1100 254 915 598 571 151 906
4 971 1009 406 1104 168 277 51 230
2 33 170 184 57 7 8 38 7
1 122 68 194 74 27 18 37 20
7 318 329 103 456 93 42 7 64
13 557 236 341 426 44 55 47 52
11 1083 565 262 1113 951 302 173 636
5 829 1072 470 349 117 221 79 68
17 601 296 464 477 370 232 441 289
10 410 181 1101 380 337 117 1088 333
1 60 135 60 147 4 10 15 24
14 138 463 225 331 38 89 15 78
7 642 658 584 565 569 472 457 414
16 579 629 677 537 67 98 55 78
9 142 69 104 109 97 59 92 84
1 428 435 136 366 64 46 8 56
5 366 651 775 718 325 391 707 444
9 447 682 559 362 239 386 388 264
9 1183 1096 1029 453 75 133 91 23
10 157 137 120 138 18 15 14 26
23 818 825 1055 1166 217 116 154 262
11 184 60 178 165 31 12 33 25
1 564 177 624 109 382 99 361 61
16 705 969 389 257 680 799 352 178
9 197 130 108 130 44 25 13 22
8 1185 659 710 649 645 545 585 371
3 230 691 746 1010 190 686 390 812
3 303 188 288 914 50 16 17 235
5 1155 410 693 1063 987 244 493 580
15 138 150 73 119 35 36 17 27
14 376 162 294 135 76 33 52 27
20 266 285 448 389 72 45 130 88
0 268 341 593 345 158 228 462 231
17 128 128 72 51 37 12 21 5
15 814 995 404 355 131 157 83 83
24 599 383 912 625 332 340 641 440
6 473 331 565 487 117 39 129 87
4 148 38 167 84 135 35 120 49
2 178 786 1071 354 133 768 896 181
18 135 206 134 55 32 25 35 13
8 69 63 205 174 61 38 113 95
6 936 195 581 462 123 31 48 67
2 268 649 571 286 169 349 493 260
1 148 169 190 75 114 139 134 69
23 198 46 159 94 120 35 92 57
4 177 109 73 96 40 25 3 14
0 182 79 70 155 34 10 19 29
9 161 161 589 272 85 116 457 249
12 425 574 160 356 238 377 91 296
0 161 216 661 620 157 189 416 559
5 1163 579 914 670 678 557 683 613
18 150 65 47 147 83 58 42 92
6 396 461 516 476 229 335 502 454
14 265 430 813 392 40 78 152 49
11 789 1133 358 1026 455 794 217 819
14 181 1113 631 1125 98 1055 626 1105
17 235 254 602 631 55 67 83 89
23 107 94 168 129 106 52 149 98
16 192 116 192 174 43 31 45 51
16 163 181 170 158 151 175 111 112
19 895 845 185 1176 804 718 119 1127
21 679 456 311 332 368 308 251 311
18 274 524 680 590 233 390 559 401
13 198 1098 712 940 30 234 122 237
7 344 467 1028 402 215 449 672 382
21 97 154 162 168 72 135 139 106
12 420 404 400 120 309 318 311 115
10 272 242 694 292 260 233 646 237
10 317 194 978 1014 52 40 276 225
1 666 515 273 565 121 125 48 127
11 489 195 411 672 56 56 34 192
6 298 561 392 185 21 80 53 52
1 1032 1065 1027 184 127 167 171 18
4 633 1100 377 527 609 1020 241 516
19 490 116 392 403 461 82 381 308
19 963 861 830 957 271 143 56 137
5 465 411 614 617 233 274 434 448
6 86 204 132 86 21 28 29 4
10 55 42 173 133 11 4 50 33
10 98 114 109 80 51 111 74 75
24 383 343 550 108 321 197 391 102
5 344 370 352 524 85 27 23 87
2 558 898 942 639 56 239 185 51
13 397 395 462 431 24 55 108 98
20 614 309 203 582 165 85 54 134
16 747 816 922 1103 201 42 70 142
2 47 40 34 110 35 37 30 95
6 963 838 295 349 840 471 292 339
0 159 191 158 201 93 140 156 150
3 580 256 499 440 477 222 478 410
23 385 672 562 124 325 344 519 116
12 182 130 194 105 33 33 18 7
0 100 186 67 208 60 184 38 134
7 181 1158 1163 1019 114 1105 732 797
12 1168 219 361 999 1011 174 360 596
13 431 232 356 623 388 216 209 530
23 46 65 58 198 33 44 29 162
10 56 109 135 135 4 9 22 22
3 90 203 128 32 55 127 108 27
2 271 629 111 187 151 496 96 182
18 323 460 1153 289 90 127 134 55
4 399 512 374 636 343 505 289 525
18 618 445 272 352 104 77 24 44
15 440 664 686 333 225 474 452 250
21 109 79 62 118 13 14 10 32
24 694 236 309 319 193 62 71 29
2 419 474 205 535 363 310 127 475
23 209 328 599 439 130 291 490 295
12 79 51 148 40 19 14 32 7
3 271 106 134 261 203 70 70 215
15 693 430 379 258 485 379 353 129
5 1119 601 405 240 719 376 329 167
22 498 1135 1139 475 265 1119 1021 240
6 144 54 125 155 107 47 79 86
9 1030 612 405 1164 124 35 107 172
5 147 160 592 542 97 155 340 376
10 57 87 80 55 12 15 20 15
11 107 94 190 154 9 11 42 12
19 858 1118 311 810 812 632 269 447
22 453 583 667 309 36 148 187 58
19 47 150 186 40 4 14 24 7
18 468 247 561 131 291 135 318 108
10 38 85 177 170 9 24 23 18
10 65 130 140 97 45 99 128 65
7 94 80 119 191 5 4 27 40
6 273 582 394 291 30 114 83 34
23 119 86 197 76 28 18 47 8
20 675 1095 266 366 189 204 70 92
7 31 76 146 53 5 22 21 11
24 666 645 515 512 469 641 299 484
21 203 51 45 73 36 3 4 21
14 224 668 580 641 195 579 578 496
22 437 507 784 1061 294 369 764 788
15 32 154 135 150 31 80 97 146
0 202 228 593 559 13 12 97 47
13 121 579 406 500 10 37 102 34
18 485 495 485 609 43 58 44 110
21 592 354 480 587 479 178 363 495
20 746 282 590 1131 418 231 521 827
23 123 99 180 162 20 20 50 29
16 128 472 318 231 119 294 176 148
12 123 107 551 261 77 103 531 216
20 205 429 354 149 176 337 291 85
17 457 102 618 340 425 79 321 281
4 121 46 37 137 18 12 8 32
11 305 335 151 528 195 178 129 417
1 117 532 489 464 19 39 98 96
8 153 105 77 151 8 5 11 13
18 287 664 104 202 20 173 13 35
8 42 126 110 208 39 104 61 112
21 982 1014 1099 202 722 991 569 173
9 373 560 555 649 87 35 157 162
18 785 405 928 313 41 90 181 56
21 280 604 694 605 83 57 70 41
80
1
1
3
1
9
3
7
8
2
3
9
6
5
7
4
1
6
1
7
4
5
9
2
7
1
6
1
1
1
1
1
1
1
1
1
1
1
1
1
1
1
1
1
1
1
1
1
1
1
1
1
1
1
1
1
1
1
1
1
1
1
1
1
1
1
1
1
1
1
1
1
1
1
1
1
1
1
1
1
1
800
52 26 21 16 10 4
31 96 81 118 119 8
18 24 16 22 25 2
72 16 11 25 21 2
56 29 20 26 25 2
57 113 106 73 77 8
9 60 40 51 47 3
35 89 83 71 64 4
31 59 131 73 133 11
54 60 72 40 63 4
73 41 47 66 89 2
76 71 63 43 85 3
78 96 54 92 85 3
10 83 81 86 140 7
26 93 54 54 66 4
62 41 61 94 41 3
32 93 39 78 73 3
12 102 122 94 137 11
38 26 10 19 10 4
42 27 17 13 28 4
19 22 24 10 24 4
76 39 84 53 90 3
28 76 160 144 143 7
53 40 66 89 52 2
34 82 80 76 41 4
44 112 60 70 131 5
6 59 52 41 78 3
10 23 28 17 27 4
46 37 43 90 73 3
42 125 147 57 153 10
77 64 38 77 59 4
12 71 43 49 56 3
0 61 56 67 54 3
29 47 53 74 78 3
39 38 50 44 53 2
53 26 25 15 19 4
55 17 14 11 10 4
28 112 118 74 79 10
0 86 86 58 95 2
61 25 14 10 16 4
32 62 144 91 130 7
33 107 59 67 141 11
29 23 28 11 20 3
20 72 57 161 152 5
5 69 84 95 54 3
69 11 19 27 24 3
47 21 16 11 16 4
20 37 41 81 62 3
24 50 54 57 57 4
26 60 83 58 64 2
6 150 68 105 152 14
77 44 53 52 37 4
38 39 68 42 37 3
77 35 94 45 90 3
58 26 26 24 22 4
44 42 68 77 79 4
52 86 110 101 75 8
50 65 44 78 55 3
21 68 80 39 87 2
20 34 92 55 65 2
52 27 21 27 11 2
69 98 93 125 96 8
70 13 27 28 14 4
36 11 29 27 21 2
11 17 13 13 28 2
73 36 34 55 47 3
32 97 63 52 39 4
58 20 18 27 13 3
72 25 11 10 10 4
47 67 70 37 39 4
9 12 27 25 17 2
69 55 86 67 33 4
43 19 14 18 18 3
60 19 13 20 11 2
30 25 23 21 16 4
48 11 19 29 13 4
19 32 53 90 79 3
77 15 25 21 12 4
53 53 86 69 71 3
14 85 57 51 63 3
40 46 64 88 68 4
1 40 55 76 74 3
34 19 18 16 25 4
60 18 21 15 18 4
7 145 70 105 151 9
67 51 47 87 42 4
7 24 19 15 20 4
50 119 109 155 66 14
63 64 51 74 68 2
73 85 47 42 48 4
66 16 12 27 26 3
40 13 13 15 15 4
62 53 40 35 67 4
41 88 63 92 82 3
43 26 13 10 27 4
68 16 14 25 23 3
3 60 75 53 34 4
6 13 16 18 17 4
77 14 19 20 22 4
3 39 67 66 67 4
60 26 19 26 19 2
36 65 81 40 37 4
55 107 153 114 135 12
56 26 15 25 15 4
69 82 99 78 163 6
18 13 23 14 23 4
66 12 27 10 14 4
24 95 100 78 96 8
6 50 54 55 78 2
77 58 49 56 64 2
65 74 91 94 62 4
50 86 49 90 67 2
56 64 46 87 87 2
18 85 96 56 96 2
36 75 72 165 86 5
59 36 63 90 81 4
18 20 20 12 18 3
74 143 156 61 116 10
57 23 28 29 13 4
24 27 22 25 15 4
40 50 72 91 53 3
75 91 50 57 79 2
42 83 40 43 58 3
31 93 62 59 56 3
57 73 90 38 37 4
40 28 23 23 19 3
8 28 23 22 25 4
59 39 65 49 95 4
1 97 107 141 61 14
10 27 10 18 22 4
79 35 36 55 38 4
8 56 79 81 62 4
38 51 80 89 79 2
13 13 20 19 23 3
11 80 87 91 78 4
11 84 87 45 62 4
34 107 145 102 136 11
41 32 81 86 82 3
74 12 28 16 11 3
30 14 18 25 25 3
54 140 128 134 130 11
26 72 129 161 59 11
45 9 19 26 19 4
20 56 63 39 93 3
73 82 38 71 37 2
62 66 109 139 133 8
42 92 82 83 40 3
0 39 85 71 38 4
52 50 80 63 85 4
52 14 19 26 14 3
47 25 28 18 19 2
76 33 56 43 82 2
14 90 35 56 85 4
4 82 97 90 41 4
28 143 153 108 93 9
56 111 61 110 137 7
1 55 55 47 65 3
23 89 74 53 59 4
37 76 59 80 53 4
58 75 110 119 66 9
65 84 94 57 72 4
74 86 72 54 89 3
31 55 34 81 81 3
42 91 85 45 82 3
17 40 89 96 34 4
25 60 94 37 62 2
30 18 15 16 17 4
4 10 16 16 14 4
17 161 150 123 105 9
50 45 68 61 40 3
10 60 45 52 63 4
24 46 61 73 80 4
5 24 16 10 11 3
21 42 91 75 92 3
64 25 26 20 10 4
48 21 10 22 21 3
38 41 95 57 44 4
44 18 21 11 13 3
45 92 70 73 90 4
67 81 61 50 82 3
79 68 50 64 50 4
75 39 69 60 79 3
61 99 92 157 85 8
11 41 89 44 33 3
75 21 17 22 28 3
25 92 79 82 52 2
2 33 77 46 66 3
62 22 21 13 24 4
43 78 96 50 55 2
33 91 61 81 73 2
59 70 79 92 71 3
74 141 144 100 111 11
68 67 40 56 87 4
76 59 33 72 79 3
25 144 127 144 114 14
27 117 146 68 107 13
68 18 14 19 25 3
8 57 96 58 69 4
47 38 55 57 68 2
63 61 93 120 154 7
76 26 18 10 12 3
27 27 28 26 24 2
7 87 94 86 60 4
27 12 10 27 9 2
63 36 92 65 40 3
1 89 89 54 90 4
14 27 23 15 23 3
10 14 19 22 11 3
58 88 68 88 66 4
21 155 162 116 55 11
30 20 24 15 22 4
24 13 27 25 12 3
59 17 16 24 19 4
12 62 35 50 59 2
15 20 27 23 11 3
71 77 89 82 62 2
0 18 12 9 25 4
37 82 84 84 60 2
71 22 20 14 23 4
7 10 9 10 23 4
64 63 94 34 39 4
68 64 36 73 93 3
27 67 45 36 89 3
43 11 17 28 27 3
22 69 85 39 61 4
67 94 94 57 50 4
39 24 13 28 13 4
57 50 54 54 49 3
12 86 154 58 75 5
6 52 66 94 34 4
53 145 80 144 67 12
68 26 25 12 23 3
10 72 93 34 41 4
30 76 57 80 43 3
67 56 92 49 89 4
24 135 59 74 123 6
25 45 81 76 61 4
28 86 71 82 39 2
57 10 20 19 13 4
23 162 164 65 141 8
22 61 44 36 57 3
7 97 59 85 51 3
23 15 14 12 26 4
22 105 98 78 129 12
73 98 160 105 113 9
75 62 67 64 52 4
23 87 61 47 62 3
75 23 11 12 16 2
5 49 93 73 63 2
32 36 42 92 43 2
25 87 46 44 37 3
54 68 87 50 85 2
39 37 46 90 78 4
18 20 12 24 13 4
41 48 63 46 93 4
71 83 129 131 80 12
76 70 75 165 142 12
43 72 96 91 36 4
52 16 21 25 26 3
20 51 34 49 47 2
53 136 130 135 147 6
27 92 94 129 57 14
29 58 148 74 161 12
60 65 73 84 66 4
65 40 68 52 88 3
13 28 13 13 10 2
26 112 134 122 137 11
22 46 73 54 40 3
38 17 23 20 18 2
19 10 20 14 15 4
6 25 26 18 18 3
66 131 65 110 87 10
2 24 29 15 25 3
17 36 64 62 45 3
67 112 113 119 153 6
71 83 35 77 53 4
1 25 18 25 17 2
9 20 10 19 26 3
17 66 55 151 72 14
32 74 59 113 69 6
16 42 73 54 45 2
36 81 37 87 33 3
36 92 55 81 66 3
64 62 89 58 65 4
6 163 142 151 92 8
3 12 27 26 12 4
63 14 14 25 24 4
35 75 111 158 112 12
50 13 16 22 15 4
4 82 71 53 38 3
78 53 71 87 95 3
12 105 119 91 153 14
73 60 41 80 35 4
47 133 105 127 95 11
14 69 84 70 95 2
25 141 156 159 132 12
14 48 83 93 46 4
52 69 162 117 81 11
74 93 78 93 96 2
40 50 54 49 67 3
5 44 36 56 74 4
59 74 56 53 50 4
65 146 70 139 59 10
72 71 61 90 50 2
45 126 64 118 119 7
43 76 46 91 80 4
41 130 154 124 67 5
22 10 17 15 14 2
3 14 13 21 24 4
42 66 92 88 46 3
74 78 64 77 92 3
78 36 59 41 89 3
59 153 88 95 131 13
77 9 17 28 26 3
14 48 36 57 76 4
4 45 78 65 72 4
42 13 15 21 17 4
70 11 21 15 17 2
7 46 83 96 62 4
68 71 144 76 106 13
74 91 53 54 45 4
61 71 70 72 56 3
31 65 89 94 61 4
66 88 80 70 57 2
38 42 92 91 96 3
54 35 66 47 59 3
16 94 67 70 46 2
47 96 87 68 49 3
70 57 42 44 84 2
21 136 89 92 74 14
53 13 11 14 11 4
42 46 60 51 50 4
66 65 138 63 66 9
9 34 66 91 52 3
61 27 24 27 19 4
0 126 155 60 93 10
35 76 47 40 66 3
39 57 37 64 82 4
19 66 70 87 91 2
39 68 96 64 59 4
33 59 69 97 80 4
22 50 92 62 78 4
39 96 64 68 52 4
46 68 74 116 70 14
11 25 22 20 22 3
56 65 79 69 89 2
35 41 65 38 84 3
48 83 97 48 49 2
50 49 83 91 80 3
30 46 67 75 79 2
21 57 55 61 71 2
58 15 13 16 27 3
4 23 16 22 15 4
8 60 131 143 106 7
32 10 23 22 27 3
6 24 23 20 10 4
62 140 106 139 89 7
44 66 142 71 65 14
24 97 81 63 65 4
64 44 75 72 52 4
49 69 48 82 95 2
72 82 79 73 39 3
27 28 14 18 22 2
62 58 75 52 71 4
55 21 22 23 20 4
46 87 73 72 47 2
25 92 48 94 60 4
2 15 24 26 14 3
13 37 74 42 33 3
68 24 15 25 16 2
15 11 25 11 21 3
13 28 19 16 12 4
64 69 76 127 73 8
45 17 24 25 18 3
74 152 84 114 150 8
64 88 94 71 160 7
14 87 80 77 82 2
2 96 34 42 73 3
76 11 27 23 12 4
12 55 70 79 75 3
67 43 74 49 42 3
46 77 54 80 69 3
78 54 51 45 66 4
70 56 84 51 70 2
30 14 11 19 14 2
70 24 20 18 19 4
4 111 125 140 93 13
67 67 69 51 94 4
24 16 23 23 28 4
44 20 11 12 14 3
5 65 38 79 44 3
22 20 26 26 21 3
17 19 28 18 17 3
13 56 90 69 92 3
27 63 97 114 115 5
74 94 42 84 35 3
47 58 52 47 54 2
17 20 22 14 19 3
71 18 23 22 17 3
48 66 60 44 53 3
19 60 56 164 145 13
33 17 18 15 14 2
63 77 86 84 123 14
67 126 145 126 163 12
48 72 58 39 38 4
60 43 79 82 59 4
36 89 37 60 62 2
18 13 26 27 11 4
1 90 77 40 72 3
39 9 20 13 16 3
38 71 147 74 115 7
26 29 11 27 17 4
37 89 35 87 44 3
65 19 21 20 23 4
15 163 164 139 64 6
8 33 77 80 61 4
51 86 74 45 90 3
30 72 79 55 53 3
69 20 21 21 10 3
57 16 18 26 14 4
68 23 15 20 13 3
26 74 68 118 77 6
10 103 68 135 69 6
2 11 25 19 20 4
21 69 55 128 136 8
44 25 10 12 12 3
75 65 44 52 77 4
55 76 66 55 49 3
3 85 88 68 92 3
37 41 76 82 62 3
9 27 21 22 15 4
45 26 12 21 15 4
61 82 153 92 56 13
14 81 95 41 74 4
17 162 130 109 58 10
53 58 123 90 137 6
40 10 28 15 16 3
52 96 68 51 61 3
44 44 83 80 96 3
20 91 72 57 68 4
13 52 95 75 42 3
61 36 80 96 73 4
72 81 65 43 37 4
5 82 81 47 80 2
16 25 17 22 11 4
65 78 78 72 89 11
51 136 87 124 126 13
66 92 39 51 80 4
46 42 42 94 92 3
46 13 13 21 25 2
44 20 12 27 20 2
71 19 15 27 10 4
15 83 89 36 33 4
29 49 96 72 67 2
43 38 59 83 94 3
4 18 16 20 14 4
63 77 129 119 126 13
51 21 25 14 12 4
49 90 39 89 87 2
61 46 50 53 41 4
12 20 13 25 17 4
34 91 66 41 48 3
51 12 26 13 28 4
38 10 10 25 14 2
16 112 76 147 97 11
77 119 111 88 95 14
79 85 78 52 50 4
20 64 34 54 38 4
7 87 66 101 128 8
22 23 22 24 26 3
10 41 69 73 47 4
72 92 91 37 60 4
41 83 78 75 49 2
33 25 24 24 14 4
27 69 72 38 46 4
28 33 52 42 61 4
29 79 45 83 33 4
36 51 86 88 51 3
18 37 41 90 48 2
45 68 45 86 79 4
62 34 48 67 86 4
14 72 33 72 78 3
2 23 25 17 12 3
20 52 53 57 41 4
65 27 23 12 19 3
79 13 10 16 13 3
30 24 10 16 21 4
15 11 26 11 28 4
60 54 86 54 93 4
64 27 27 26 21 2
50 137 121 151 63 7
23 67 65 78 96 2
12 79 57 86 60 2
16 91 38 85 58 3
54 24 28 23 28 3
71 23 20 29 19 4
69 28 11 27 27 3
11 29 27 27 28 3
29 70 42 53 43 4
52 49 70 68 85 4
16 10 21 10 20 4
58 18 21 10 12 2
55 27 11 17 29 2
69 116 63 148 148 9
65 17 15 17 21 4
15 116 147 81 75 13
76 81 50 36 40 3
66 28 17 19 21 3
74 84 92 52 76 3
57 45 73 75 77 3
69 85 97 78 61 5
51 87 33 96 66 3
69 119 96 80 162 9
73 26 9 26 16 4
31 54 48 65 63 3
28 18 23 26 21 3
54 126 123 151 152 10
65 17 26 14 26 4
37 64 50 61 40 3
48 143 119 161 139 7
37 69 78 113 65 5
57 51 75 82 45 4
6 81 79 71 79 3
63 68 84 55 45 4
58 27 13 11 16 4
35 45 72 49 41 2
62 12 16 11 25 2
0 46 89 66 77 3
32 35 96 76 62 3
3 24 27 25 16 2
37 89 52 33 35 3
66 132 107 62 64 8
56 94 61 61 40 3
38 22 20 20 24 3
21 59 74 37 65 3
7 98 89 135 85 12
0 86 60 78 73 2
41 49 55 41 40 4
60 60 45 62 41 4
3 113 62 113 145 14
58 33 63 33 90 2
49 35 52 92 62 2
5 53 94 90 37 2
19 104 124 67 66 5
23 72 67 32 38 2
52 26 12 15 27 4
58 15 26 15 15 4
63 44 52 86 88 3
5 18 26 11 17 4
47 17 22 13 16 4
24 63 102 108 117 11
65 71 163 125 100 6
63 72 87 94 94 4
31 61 44 43 77 4
66 16 28 21 21 2
51 11 16 17 28 3
49 153 88 105 117 14
64 128 85 138 128 12
56 61 64 81 33 4
46 28 26 27 26 3
75 53 93 68 33 2
34 23 25 19 23 3
7 81 75 84 56 2
54 82 33 70 42 4
44 53 59 42 60 3
48 15 20 22 17 3
13 18 27 12 10 4
72 36 86 93 34 4
75 42 95 89 37 3
24 16 24 12 28 4
13 53 44 59 74 4
78 14 19 22 22 2
73 132 131 118 140 8
17 59 48 54 66 3
36 14 13 17 11 4
26 93 72 48 80 2
79 14 13 27 27 2
76 49 87 75 90 4
56 87 56 75 71 4
28 89 85 46 96 4
15 12 23 28 24 3
11 48 70 35 76 4
60 106 67 72 99 14
73 20 21 17 19 4
25 95 90 72 81 2
55 21 15 25 11 4
29 68 54 53 57 4
1 12 16 28 18 2
33 35 40 81 40 3
19 26 10 18 26 3
22 43 70 51 89 2
54 94 94 39 83 4
61 9 12 19 24 3
18 19 18 10 13 3
7 74 77 58 55 4
78 25 16 15 13 4
63 84 38 85 72 4
70 19 15 14 19 3
35 44 67 85 85 3
17 88 81 72 62 11
8 102 120 128 104 5
31 36 85 42 69 4
53 24 25 25 10 4
55 83 43 42 57 4
11 61 35 96 85 2
51 18 10 12 27 4
15 67 66 92 90 3
68 110 135 110 109 10
23 26 20 26 28 3
33 46 67 58 77 4
2 20 12 24 11 2
4 35 34 55 34 3
78 27 27 13 21 4
2 45 91 54 91 3
59 46 74 80 91 3
46 57 96 79 84 3
79 60 72 93 45 4
56 81 49 46 33 2
71 11 23 16 15 3
78 68 139 163 159 10
37 72 61 38 75 4
0 16 26 23 13 4
13 68 91 51 51 4
55 14 22 24 10 4
59 10 26 10 23 3
41 114 121 137 119 5
40 17 11 16 10 3
10 20 17 23 17 4
36 57 42 52 35 3
0 37 91 81 96 3
13 85 59 51 42 3
75 43 40 34 96 3
33 88 47 84 87 4
28 70 103 109 70 13
43 28 16 15 11 3
9 53 92 46 82 4
55 40 83 44 66 4
12 74 86 99 111 10
20 93 44 61 77 4
43 77 83 73 39 3
39 95 84 60 91 4
77 19 22 15 19 2
29 131 55 126 135 12
34 58 69 35 91 4
41 104 125 155 90 12
45 65 78 62 70 3
4 55 78 66 34 4
71 16 10 26 10 4
50 66 76 53 39 4
41 62 44 48 75 2
35 23 18 16 10 2
47 23 11 18 19 4
3 137 60 135 104 11
21 95 87 73 79 3
49 112 85 93 138 12
9 39 96 45 71 4
40 15 15 11 18 3
15 53 59 54 73 4
32 25 14 25 18 2
8 85 63 161 98 5
68 147 138 62 132 10
40 81 54 96 92 3
1 105 140 97 148 9
35 126 164 162 89 12
23 39 38 66 42 4
45 59 50 79 51 4
9 49 39 83 61 3
71 64 76 48 55 4
32 86 73 164 63 11
41 164 100 163 107 5
33 16 19 23 26 4
33 21 28 26 11 4
21 96 39 41 86 2
53 89 80 43 69 2
72 130 101 103 105 13
78 13 21 28 15 4
67 57 65 60 44 2
60 128 91 117 86 10
4 17 15 20 16 2
46 36 55 87 81 3
19 18 20 26 29 4
49 77 57 93 68 3
59 21 10 25 27 3
69 74 70 90 82 2
1 10 20 11 25 4
31 77 42 93 70 3
44 86 87 52 79 4
11 86 90 65 89 12
72 82 71 123 81 7
42 25 13 12 26 4
37 73 123 134 63 7
34 97 152 100 138 7
1 60 89 125 156 13
48 56 62 94 34 4
39 54 91 57 84 4
78 56 53 39 32 3
55 89 75 63 51 4
70 97 92 68 84 4
53 37 83 39 62 3
70 53 44 64 88 2
72 81 97 47 56 4
21 72 37 47 67 2
35 46 45 88 89 3
27 38 40 96 33 4
79 114 87 148 157 11
23 133 146 147 108 13
45 90 67 50 67 2
28 28 29 14 29 3
49 27 28 25 21 2
26 76 91 67 60 2
8 75 93 72 49 2
70 44 41 66 50 2
25 26 16 13 11 3
61 95 34 58 92 4
14 20 20 25 15 3
76 12 22 27 28 3
29 14 22 28 25 4
28 63 69 95 72 3
37 56 34 89 46 3
11 84 105 152 64 6
2 62 96 88 43 3
47 13 15 11 22 4
56 39 93 40 80 4
5 41 60 44 97 4
26 95 62 68 52 3
3 53 42 96 94 4
3 14 26 12 27 4
58 74 95 74 50 4
31 130 80 146 152 14
57 19 13 27 17 4
45 23 13 24 13 2
79 73 93 79 88 2
66 61 60 41 47 2
34 63 116 88 67 13
8 25 28 26 19 3
34 66 69 75 39 4
30 107 74 104 95 10
16 83 37 53 93 3
50 123 149 152 141 8
27 73 126 82 81 9
62 78 90 87 73 3
79 85 45 48 55 4
64 84 96 63 79 3
54 15 11 10 16 3
42 73 92 40 70 4
9 87 46 47 37 4
46 82 69 89 55 4
8 35 70 45 48 2
19 81 107 74 158 5
36 110 139 57 77 5
39 86 82 58 71 4
51 42 92 40 96 4
51 25 13 15 25 4
38 88 78 90 65 4
48 156 74 126 97 7
17 21 19 15 21 4
49 20 15 18 28 4
29 99 136 66 61 12
20 72 116 103 86 8
34 82 86 51 67 3
57 27 16 21 9 4
18 112 135 99 162 7
16 71 43 40 85 3
75 20 21 16 23 4
15 112 56 58 163 7
10 11 19 20 26 2
32 42 56 76 44 3
51 19 27 10 12 4
5 164 160 141 112 7
77 60 76 54 74 4
49 17 28 14 12 4
48 68 37 91 69 3
0 11 18 14 28 2
62 58 66 34 71 2
64 22 18 16 25 4
79 67 81 59 78 2
43 50 88 76 34 3
25 68 36 32 44 3
67 14 10 16 24 4
6 23 15 24 13 3
50 80 88 85 104 11
12 73 74 93 60 2
19 19 11 26 23 2
26 67 67 47 79 3
73 74 97 78 90 4
54 79 41 93 69 4
70 24 9 16 18 3
40 55 91 140 103 11
2 65 140 84 140 7
49 24 22 22 14 3
16 47 35 71 62 4
61 20 22 11 24 3
16 49 93 59 57 2
18 22 24 29 23 4
35 81 95 89 95 3
23 15 19 24 24 3
59 72 95 42 38 4
22 68 95 47 56 4
9 152 162 74 161 5
60 90 59 65 61 3

