4
250
19 238 121 666 167 63 14 46 40
13 182 468 658 540 140 313 407 327
14 577 137 649 586 161 25 59 32
19 177 182 209 86 169 175 127 82
2 383 585 309 249 286 369 226 185
15 680 608 460 136 634 458 319 81
2 192 50 192 136 48 9 23 26
4 171 199 73 137 10 26 3 16
1 173 442 465 450 45 113 27 71
21 575 153 136 526 400 85 74 397
23 146 44 119 64 125 34 63 38
9 476 716 997 944 282 675 525 815
21 402 636 610 304 274 450 395 176
1 184 518 163 424 143 438 124 227
8 119 179 61 84 113 153 44 73
20 208 399 574 351 148 389 568 288
4 65 68 106 162 55 45 94 86
2 179 55 94 106 127 46 53 90
13 645 332 540 882 482 246 384 869
21 478 694 586 386 310 660 505 222
6 148 45 169 188 19 10 39 34
14 386 494 947 996 23 129 70 216
21 757 503 1074 792 207 67 185 125
22 190 566 274 490 22 35 19 32
23 206 35 153 154 129 32 77 79
23 658 527 557 156 191 146 115 14
14 134 113 303 259 24 17 18 74
17 953 832 808 709 687 562 479 484
4 167 91 102 106 17 25 7 28
13 601 330 644 522 319 252 398 380
14 266 695 427 115 235 509 228 58
6 204 139 33 138 12 21 8 7
1 1010 229 914 483 148 24 90 114
14 909 1070 182 595 190 299 32 63
4 639 174 429 375 63 48 93 111
16 292 655 409 602 283 389 281 579
11 115 153 109 166 12 33 29 13
19 101 321 277 155 15 36 16 23
18 239 460 545 580 180 308 351 462
11 209 198 91 148 41 30 26 8
24 135 107 62 119 25 18 7 10
2 93 78 190 195 15 23 51 28
0 187 134 206 178 124 90 133 145
14 399 753 220 667 95 142 13 90
8 1027 699 1155 1180 244 180 214 131
12 246 865 1144 525 235 564 870 408
18 513 694 596 207 81 138 45 49
17 167 69 112 88 48 19 20 23
23 611 198 518 622 122 57 72 164
5 173 144 47 209 44 25 5 37
13 654 235 282 430 383 201 171 255
21 133 125 130 97 89 115 117 85
13 409 713 806 1118 43 109 117 154
22 188 34 92 75 23 3 18 15
24 945 1101 1179 1115 198 191 94 278
19 115 191 144 93 14 12 28 22
17 750 406 257 271 491 232 178 235
6 195 167 181 161 127 163 166 151
7 626 382 409 307 448 268 227 256
2 121 189 90 166 107 167 52 124
17 231 101 393 503 137 99 309 285
0 390 171 412 403 279 166 229 353
11 532 623 106 187 44 39 7 13
7 349 509 148 302 40 38 40 15
1 87 178 180 154 14 40 14 38
20 99 190 139 160 17 41 21 18
7 1165 1066 623 987 116 138 141 138
15 116 33 45 197 70 17 42 184
20 181 32 190 209 133 26 105 177
18 365 217 311 292 312 117 190 266
15 361 100 253 556 63 11 67 59
16 1112 831 909 291 209 122 231 63
7 834 1045 662 172 88 254 70 21
9 235 345 812 767 147 308 683 753
19 178 148 61 144 38 43 13 33
18 616 491 210 312 351 295 107 215
24 368 620 221 433 73 179 26 120
15 878 1077 205 888 618 867 146 493
21 309 254 487 233 35 48 96 16
20 564 272 402 620 48 44 108 113
18 67 55 93 154 4 4 22 22
8 658 1168 229 953 471 909 150 771
1 173 114 179 132 48 24 51 38
12 361 133 650 183 204 109 454 112
13 480 299 928 338 378 258 503 299
9 333 367 329 341 43 76 32 44
16 470 412 518 270 44 77 67 71
3 217 106 655 537 182 98 327 444
8 412 554 431 669 80 106 93 49
13 583 206 1026 1089 518 203 942 829
12 55 73 106 168 6 17 18 26
19 716 174 337 1140 175 13 30 311
0 833 266 566 863 768 208 421 592
12 78 94 152 150 6 17 9 8
20 83 95 184 194 55 55 141 184
12 1097 972 187 515 726 532 113 435
8 527 461 282 239 335 298 239 132
21 167 151 169 185 16 23 20 21
1 269 654 453 135 266 652 317 119
7 1078 524 368 919 642 445 188 895
3 196 147 115 75 189 140 93 57
23 636 1062 267 467 354 714 190 295
7 155 133 161 153 126 67 81 127
24 609 641 679 497 62 148 91 76
4 732 284 1162 475 517 246 1107 415
4 499 915 519 325 353 785 267 316
10 230 520 641 581 220 470 518 359
11 368 250 413 613 48 43 51 126
23 82 162 44 204 4 17 3 21
8 163 199 187 123 106 198 160 103
10 281 511 651 250 71 150 60 27
8 650 187 170 1089 40 37 11 223
8 697 777 541 946 361 606 337 550
1 190 174 59 100 111 168 46 53
3 680 442 115 273 439 310 105 259
0 892 621 204 712 806 490 150 588
1 923 1122 1006 333 227 147 197 34
4 518 454 625 619 302 332 401 487
5 181 53 130 147 41 9 34 17
12 999 1186 526 651 832 1100 348 554
19 607 560 207 416 173 161 40 89
9 212 1178 449 1153 11 252 107 61
12 755 705 835 211 209 90 124 41
16 97 38 171 147 8 2 24 21
12 547 1094 902 1074 472 786 492 901
18 260 576 187 666 35 53 30 143
17 620 947 1030 849 160 277 69 96
3 917 387 512 446 147 111 143 59
18 914 522 870 949 183 135 207 178
9 117 78 123 51 96 60 64 36
16 850 879 886 406 124 55 241 74
5 90 183 71 97 68 174 65 62
5 477 516 570 312 318 482 338 259
6 800 451 763 908 69 65 165 144
14 684 587 697 348 539 355 421 248
24 667 272 651 536 196 15 163 51
13 298 1016 1169 481 264 538 653 250
21 155 53 171 44 100 46 146 32
0 187 60 97 149 12 13 12 21
5 240 140 529 141 38 27 125 18
24 138 40 90 89 110 25 64 72
0 336 624 643 667 280 619 409 473
17 1124 792 759 1063 1076 787 675 950
3 177 113 77 100 31 14 12 18
17 611 590 344 465 353 475 312 240
19 332 180 613 103 50 9 180 9
15 165 102 64 140 43 7 13 39
0 260 661 437 413 17 137 72 102
6 149 107 76 168 113 90 66 125
14 885 533 646 759 249 72 170 180
15 131 132 46 50 8 28 10 14
12 122 145 179 111 29 17 15 14
9 1122 657 209 884 148 88 45 229
16 634 415 148 532 42 97 30 110
10 139 102 175 85 28 13 14 18
20 613 546 141 394 174 134 16 62
9 209 291 873 385 62 17 124 104
2 361 611 475 406 42 154 121 106
0 208 79 66 87 46 17 12 6
3 137 180 65 104 19 9 12 25
17 310 127 243 528 280 113 185 317
20 484 151 242 529 327 129 184 521
7 132 68 33 183 112 51 17 107
6 297 157 205 672 40 25 41 84
23 301 1059 1026 898 291 934 569 688
7 169 78 160 191 45 7 37 13
1 829 904 255 1130 621 760 184 909
4 162 184 127 124 90 158 73 115
24 153 110 160 201 80 58 101 111
16 70 169 62 170 67 132 33 147
1 135 207 57 35 25 48 4 7
24 1054 695 916 893 903 499 666 634
20 478 644 652 281 419 583 580 141
23 204 95 189 181 134 63 165 154
13 204 692 525 468 141 617 415 434
10 555 500 690 395 71 80 168 44
11 278 345 512 443 223 336 277 287
20 535 663 196 217 117 129 34 50
5 122 192 76 157 61 141 58 104
4 71 159 127 56 59 91 121 31
11 967 185 594 441 634 177 573 259
14 931 502 354 493 118 82 93 94
5 483 640 157 424 348 430 90 225
17 633 476 684 503 102 83 184 55
9 205 893 1008 530 54 183 182 78
19 308 160 102 378 250 125 86 233
3 304 555 543 580 31 44 124 156
15 155 174 487 302 123 170 363 153
6 82 99 59 168 44 56 58 103
11 199 46 182 130 16 3 12 12
6 950 679 988 757 160 91 200 162
20 435 398 195 629 111 25 26 50
10 139 93 98 50 7 18 14 5
22 694 761 604 1106 54 138 138 70
0 420 273 504 183 297 219 351 107
9 1143 623 690 962 1114 397 559 647
16 579 222 676 454 61 12 147 135
3 223 501 491 268 176 379 408 184
2 105 93 64 71 98 59 47 44
10 592 151 668 286 476 80 447 251
23 273 1052 776 928 36 298 166 158
10 1145 674 379 932 931 543 267 868
21 49 35 139 170 5 6 10 44
2 31 110 45 105 6 18 8 27
18 1062 394 861 1140 224 101 123 326
8 629 242 451 363 327 156 232 243
16 864 1186 466 414 48 97 113 105
10 164 62 139 188 137 36 124 140
15 305 120 110 660 55 28 31 65
8 113 190 37 71 23 29 7 18
10 720 351 618 318 197 93 69 40
15 103 64 197 185 9 15 32 13
24 1129 982 267 961 761 821 204 580
22 100 180 104 113 14 15 25 8
2 332 285 381 672 48 57 45 156
9 205 437 933 181 125 366 538 142
11 208 154 161 42 21 25 10 4
12 87 38 75 75 18 10 4 16
5 154 121 207 126 40 23 29 31
11 166 95 170 165 106 93 145 124
19 143 59 200 181 29 11 29 22
2 929 988 1039 284 758 636 629 225
22 562 337 670 613 64 25 164 142
22 340 827 390 231 98 88 77 51
10 140 108 103 182 109 80 91 166
6 760 332 840 542 472 301 658 310
15 81 178 73 138 55 116 51 72
7 1095 663 549 1043 232 35 78 175
17 105 189 186 141 28 51 51 25
18 180 584 519 590 36 36 73 125
3 377 457 619 246 313 422 392 131
22 604 131 552 634 391 84 527 445
23 348 580 824 756 65 78 44 159
21 166 34 86 208 120 27 78 200
24 910 406 381 836 138 57 78 164
6 389 318 504 523 62 45 67 64
5 139 164 77 178 81 88 43 115
11 182 71 157 85 92 44 78 46
22 88 190 67 101 21 14 14 13
13 419 591 683 301 413 423 586 216
0 130 102 56 82 25 5 12 16
16 130 105 207 125 16 31 22 30
22 57 196 54 80 11 27 7 14
22 1149 721 583 343 1078 588 575 237
5 1149 776 450 1091 941 579 430 940
3 107 79 62 208 20 20 10 17
7 237 109 538 343 125 88 384 283
18 101 57 110 124 27 10 22 13
4 66 49 141 41 41 34 85 26
14 146 61 101 113 13 14 17 23
80
7
8
1
5
2
8
3
2
4
3
7
5
9
4
6
1
4
3
9
1
3
5
8
3
1
8
1
1
1
1
1
1
1
1
1
1
1
1
1
1
1
1
1
1
1
1
1
1
1
1
1
1
1
1
1
1
1
1
1
1
1
1
1
1
1
1
1
1
1
1
1
1
1
1
1
1
1
1
1
1
800
4 118 150 75 112 9
70 87 93 152 107 13
37 65 62 92 65 3
54 13 25 22 23 2
0 84 97 76 37 4
6 40 69 45 91 3
47 20 25 26 28 4
19 23 23 14 13 3
23 17 14 16 20 3
30 148 139 105 87 8
51 21 10 22 22 3
34 69 58 41 61 4
41 60 84 50 41 3
45 37 54 94 78 3
32 84 76 65 47 4
6 91 80 34 67 2
1 17 23 26 18 4
5 9 12 16 13 3
71 54 41 73 84 4
77 25 18 25 19 2
10 22 10 21 14 3
13 87 74 75 107 9
27 60 36 78 91 4
58 27 21 16 11 3
6 18 18 25 10 4
12 24 25 15 16 2
38 60 33 69 48 4
72 118 57 158 76 5
31 93 114 70 129 5
33 77 59 44 35 3
64 93 82 80 75 3
22 27 13 15 13 4
39 158 97 88 61 11
14 67 102 72 143 10
37 91 89 39 79 3
28 97 81 45 50 2
40 59 47 58 62 2
43 59 101 76 79 7
49 94 80 91 91 4
73 86 97 57 95 4
65 56 44 41 72 2
20 38 45 86 33 4
6 70 36 42 79 4
39 59 75 47 87 3
31 16 29 25 17 3
58 16 17 22 28 4
73 151 96 163 152 11
31 82 46 47 44 3
56 79 88 69 72 3
16 76 92 80 85 3
24 73 93 59 40 4
56 29 20 26 17 4
35 13 16 15 18 3
63 23 26 26 19 3
32 13 15 11 21 2
52 64 55 66 72 2
44 59 58 59 64 2
42 80 95 66 79 2
62 87 50 70 56 4
78 127 125 115 160 10
79 97 55 105 152 12
14 41 33 63 46 4
61 17 24 25 25 4
76 43 79 39 79 2
28 91 94 74 90 2
39 77 59 89 56 3
71 140 151 94 113 10
30 77 130 144 105 11
11 27 19 23 28 2
45 80 34 64 66 3
15 41 53 72 85 3
20 66 69 56 81 3
31 35 59 55 51 4
22 134 152 86 91 9
12 23 20 18 15 4
15 10 15 27 13 4
45 54 55 38 94 4
44 21 26 27 22 4
65 25 12 11 20 3
68 154 61 130 147 6
29 107 93 151 100 12
9 68 61 50 73 4
76 15 28 26 17 2
34 53 52 38 71 4
13 38 51 63 45 3
38 18 11 15 15 4
55 18 23 12 23 4
44 95 95 83 94 2
59 160 139 56 97 8
54 12 22 17 25 4
8 16 21 19 14 4
6 163 84 144 136 12
24 86 126 78 93 6
31 73 72 113 145 5
30 28 11 15 18 3
76 44 56 70 38 3
68 16 10 13 22 4
67 25 17 10 14 4
50 70 55 78 69 4
32 17 22 11 19 2
17 14 12 23 24 4
16 21 24 20 27 4
55 33 61 60 35 2
76 46 85 77 77 4
41 66 40 81 39 2
36 87 70 88 53 4
17 91 77 155 105 6
3 104 107 147 101 12
48 22 13 23 13 3
18 154 159 159 87 6
73 93 66 70 62 2
60 24 28 17 12 3
72 71 75 57 41 4
34 57 61 57 47 4
79 18 23 14 14 3
49 42 75 91 36 2
61 14 24 15 18 2
61 91 44 69 75 3
69 82 79 90 94 2
57 140 100 70 92 14
47 12 26 12 17 3
39 27 28 28 25 3
59 68 90 59 76 2
17 15 14 23 9 3
56 22 17 12 23 4
66 42 58 54 41 4
56 91 82 64 36 3
38 74 44 74 93 2
19 56 41 84 63 4
44 77 72 94 141 13
45 14 16 29 28 4
41 59 96 50 75 3
40 50 45 72 89 3
47 156 66 146 139 8
4 39 65 44 57 3
26 46 64 56 59 3
60 43 80 35 42 4
43 61 70 55 96 2
76 118 141 68 65 11
37 85 55 92 52 4
13 25 12 27 9 2
59 57 68 78 91 4
1 53 77 65 53 4
26 70 47 76 84 4
10 95 47 57 44 4
13 49 86 70 76 3
27 26 10 17 19 4
14 19 29 20 15 4
74 26 19 11 24 3
31 78 139 153 115 10
18 90 62 59 57 2
22 25 20 10 20 4
66 65 41 88 57 2
12 63 83 34 91 4
52 13 24 17 21 4
76 81 65 78 40 4
17 82 120 101 103 10
42 82 64 68 85 3
16 34 39 87 35 2
23 53 71 57 52 3
67 80 60 46 67 3
54 28 18 11 22 3
47 98 68 139 83 9
14 25 10 24 11 4
35 16 21 17 12 2
50 92 46 55 59 4
77 77 58 83 33 4
36 18 12 25 28 2
60 32 64 79 82 4
43 45 41 43 35 2
18 25 28 13 28 3
70 71 61 81 55 3
67 16 11 27 19 3
7 43 73 77 65 2
64 13 16 20 20 4
35 67 63 92 34 4
28 92 80 36 39 3
63 39 60 50 43 3
55 57 69 81 88 4
18 117 135 118 155 14
11 77 93 80 37 2
63 58 65 75 53 3
46 92 38 63 92 2
2 14 14 18 19 4
8 64 49 86 92 4
20 27 19 26 24 2
36 21 24 15 28 3
7 41 46 44 80 4
3 61 66 85 70 2
64 82 72 51 89 2
21 134 151 98 130 6
34 100 134 71 158 14
21 64 83 76 68 2
70 35 41 88 54 2
4 62 48 68 57 4
24 58 62 68 41 3
58 75 64 49 66 3
66 15 13 27 27 3
66 34 69 43 83 4
7 53 82 96 33 4
59 58 38 34 65 4
9 139 79 88 92 6
63 73 63 65 36 3
16 74 92 49 86 4
64 55 62 75 61 4
28 43 45 97 73 4
22 28 19 19 24 2
11 13 24 10 24 4
47 93 81 38 87 4
62 60 95 93 41 3
3 40 84 66 61 4
23 61 32 73 72 2
65 35 41 86 70 4
52 92 61 71 49 2
64 127 137 139 79 10
57 18 25 9 26 3
38 91 112 82 129 9
72 56 109 102 102 13
51 82 47 61 73 4
39 56 156 95 116 14
37 50 46 39 49 2
16 11 26 18 27 3
40 19 10 18 16 4
26 38 42 90 92 4
1 149 151 111 147 5
57 45 42 35 85 3
59 106 89 84 75 9
78 37 57 40 86 2
19 112 148 149 143 5
29 82 95 48 43 4
29 27 21 22 23 4
35 146 63 152 68 5
70 9 25 14 17 2
22 36 56 73 41 3
73 128 90 162 115 6
76 22 14 23 10 3
14 64 59 86 39 3
7 17 16 22 16 3
71 14 27 13 26 4
21 88 159 126 128 11
4 23 19 17 15 2
3 47 58 60 69 3
78 94 68 105 156 6
67 13 22 17 13 2
46 74 93 68 33 3
75 18 14 10 13 4
12 16 20 14 26 4
52 18 18 21 14 4
44 12 18 15 16 4
30 34 86 93 58 4
2 18 16 27 26 3
71 90 140 83 69 8
68 57 62 75 33 3
40 37 95 32 71 4
46 86 62 70 85 3
25 57 86 78 62 4
77 50 77 37 53 4
74 10 11 12 17 4
11 53 72 92 90 3
14 61 65 125 124 7
9 47 51 48 46 4
47 91 63 60 40 4
51 18 23 14 25 2
42 29 18 10 19 2
51 93 75 39 55 4
48 11 29 19 10 4
47 45 61 96 55 4
36 82 45 76 91 4
28 14 22 16 19 2
55 50 78 38 45 4
57 86 115 104 158 12
27 133 68 59 139 7
67 54 86 55 38 3
14 16 16 20 18 4
38 35 47 70 71 3
75 159 94 150 58 10
53 34 65 35 94 3
21 86 36 70 54 3
20 70 90 80 81 2
13 46 64 44 62 3
77 14 23 23 23 3
66 97 157 87 57 5
32 78 34 92 72 2
51 14 11 10 12 3
33 60 41 62 71 3
53 48 50 91 70 3
69 92 51 73 48 3
57 49 50 81 34 4
23 92 45 95 36 4
79 61 67 63 34 3
37 18 14 20 11 2
29 42 89 48 56 4
8 127 79 117 126 12
23 61 80 87 63 2
5 86 146 107 161 13
0 20 22 20 26 2
78 50 96 71 92 3
61 78 84 57 79 3
10 20 20 11 20 3
27 77 86 83 82 3
70 54 58 58 72 3
46 66 91 41 84 4
0 59 44 53 64 3
78 20 20 28 10 3
62 91 84 90 71 4
14 24 27 27 21 2
60 61 86 50 34 2
39 124 82 134 111 14
11 33 37 36 71 2
6 103 84 61 144 5
75 104 60 139 132 11
34 126 59 135 160 5
17 115 76 137 67 14
13 131 128 68 58 12
72 75 82 53 75 4
14 74 71 117 154 6
28 76 78 39 33 2
13 28 29 25 15 4
76 13 10 15 26 3
27 27 28 13 21 4
3 79 88 101 149 6
45 36 57 49 62 3
58 58 44 65 78 2
40 60 36 78 68 3
53 83 42 73 88 2
4 62 70 33 59 3
45 71 83 59 59 3
75 25 18 11 20 3
32 76 42 95 50 2
62 26 18 11 18 2
10 38 47 84 81 4
15 76 35 39 58 4
40 67 51 92 47 4
53 155 122 157 92 10
79 45 68 79 49 4
29 84 73 89 60 3
79 76 165 77 81 7
19 20 22 11 25 3
71 9 19 21 23 4
55 62 64 48 36 4
58 110 151 138 132 11
34 20 24 20 23 4
19 28 27 22 16 4
6 64 78 64 70 3
16 75 66 44 88 3
58 40 80 91 60 2
36 93 63 128 93 11
43 12 12 12 24 3
61 26 10 17 23 2
34 105 133 101 99 12
50 73 61 76 46 4
37 63 40 73 57 4
41 81 33 97 39 3
45 14 19 24 13 3
17 34 38 77 64 3
42 37 59 48 84 2
65 77 54 93 38 4
28 73 90 154 135 13
43 156 124 144 61 5
26 140 123 95 58 14
68 53 70 93 56 2
56 36 70 90 53 2
2 37 44 61 75 2
71 10 13 14 17 4
46 115 69 156 124 7
11 70 62 49 61 4
29 44 63 46 91 4
74 89 53 61 34 3
53 22 18 18 28 2
28 77 96 93 92 3
60 19 25 26 28 3
50 11 16 12 14 4
54 115 93 137 134 8
13 47 53 82 33 4
26 26 12 28 16 3
39 74 41 70 79 3
46 24 20 25 13 4
35 88 48 59 73 2
54 94 66 44 34 4
33 77 110 128 95 8
36 75 97 135 62 10
79 57 35 84 38 2
77 110 63 83 147 7
62 131 111 132 110 12
70 17 27 20 10 3
42 13 20 22 11 3
23 74 89 65 68 4
77 20 23 23 22 2
49 78 70 88 91 4
8 135 152 105 65 7
10 25 16 21 16 3
49 21 16 25 17 2
3 13 10 13 19 3
0 27 28 13 11 3
56 78 157 114 69 14
51 155 56 95 122 6
48 48 51 52 82 2
69 108 118 78 101 8
18 131 105 163 62 14
5 127 118 74 117 11
51 75 80 97 43 3
15 55 61 36 66 4
27 59 79 65 57 4
73 87 50 94 34 3
17 70 76 67 49 4
33 51 54 84 65 2
17 15 15 29 22 4
9 23 25 23 19 3
47 92 49 91 52 3
55 162 109 87 135 11
24 85 163 90 119 7
64 104 109 144 117 5
25 87 82 52 47 4
62 13 22 13 10 3
39 59 78 34 74 4
61 12 23 25 13 3
56 83 88 58 41 4
19 72 80 69 158 5
52 121 143 128 79 11
29 88 69 83 64 4
4 140 95 70 71 10
48 17 10 15 22 4
49 152 141 126 72 5
21 47 63 58 57 4
34 60 37 42 87 2
21 42 92 40 36 4
18 38 66 50 51 3
8 10 22 25 11 2
1 78 139 164 128 14
17 55 59 152 111 11
24 91 53 45 81 3
41 78 46 60 37 2
65 12 14 18 19 3
72 16 23 27 23 3
11 124 94 58 70 9
23 72 118 91 114 13
12 164 109 59 142 7
27 66 75 87 93 4
72 74 121 125 89 9
50 76 46 40 50 4
69 80 94 50 82 2
48 17 10 10 12 2
72 61 35 47 46 3
79 27 27 22 10 3
64 108 103 60 58 10
65 28 21 26 14 4
75 66 67 95 39 3
26 104 123 87 57 6
43 133 153 131 127 7
44 14 22 16 17 4
58 33 77 56 44 4
9 15 20 26 25 3
16 71 75 118 94 8
31 91 34 82 88 3
31 79 156 134 88 6
24 51 67 87 63 3
40 29 25 28 23 4
36 24 12 26 19 4
52 38 82 52 93 2
53 10 14 22 10 4
19 95 85 59 59 7
67 29 26 19 22 4
15 52 50 66 92 4
78 138 59 120 155 5
33 40 77 60 55 2
15 94 56 71 36 4
64 15 24 19 24 4
2 91 159 158 140 11
7 154 144 102 117 10
25 14 24 18 18 3
67 21 21 21 12 3
5 11 15 11 18 4
35 11 21 14 10 2
73 45 40 43 63 3
44 88 81 81 65 4
49 151 60 104 148 8
59 61 131 64 83 10
48 67 71 54 64 4
32 34 86 73 54 2
7 37 94 79 74 3
64 80 107 76 128 9
57 37 86 33 38 3
75 25 20 26 25 4
24 14 19 22 23 3
74 53 42 96 51 2
35 69 84 75 112 14
6 25 13 24 25 4
25 84 108 158 83 11
69 80 95 79 65 2
57 91 105 118 158 6
8 61 62 77 48 4
1 25 19 21 11 4
3 165 131 88 69 8
38 93 96 81 44 2
8 14 12 27 14 3
23 54 33 69 91 3
52 92 40 53 50 4
7 81 63 66 35 2
4 92 96 93 37 4
76 119 112 96 149 13
37 13 16 14 24 2
73 41 53 83 53 3
44 60 46 71 97 3
44 77 157 67 114 13
30 15 19 9 16 2
51 51 40 68 71 4
28 17 20 19 23 4
1 68 46 77 59 4
49 95 91 59 42 3
79 92 92 86 74 3
23 92 84 41 71 3
36 160 94 110 111 14
75 78 91 41 43 4
22 35 85 83 43 4
16 97 49 96 86 2
26 14 13 18 22 3
18 12 27 18 23 2
58 27 18 15 11 2
18 17 11 13 23 3
16 25 12 14 12 3
49 62 39 32 50 4
4 27 15 15 26 2
25 69 96 46 74 2
35 87 119 78 56 7
41 96 78 42 89 4
8 17 24 15 13 4
56 87 83 77 48 4
20 85 94 61 89 2
53 52 84 50 83 4
71 28 25 24 18 4
12 89 81 55 73 2
78 14 11 18 16 2
66 78 85 76 34 3
38 60 125 98 154 10
68 15 13 12 15 2
43 20 27 9 15 2
57 53 36 60 84 3
15 96 62 44 33 3
31 152 108 90 80 6
55 25 10 18 23 4
64 18 25 25 13 4
21 77 55 92 64 3
54 155 134 84 56 8
22 75 65 74 94 4
32 42 34 63 61 3
3 69 74 90 77 4
50 42 74 53 35 4
63 113 58 99 105 12
56 13 20 24 19 4
65 16 25 11 16 3
8 68 60 96 52 3
75 118 114 158 80 14
41 102 67 117 109 13
62 23 26 17 27 3
36 71 45 88 36 2
74 51 48 55 55 4
19 46 82 65 50 3
45 22 18 22 25 4
48 56 160 134 118 13
22 70 50 64 50 3
24 94 71 71 57 4
45 152 134 158 72 9
12 92 87 72 91 4
10 46 70 70 84 3
39 59 155 85 59 8
59 61 81 94 80 4
11 80 62 43 53 4
37 139 67 132 103 14
72 56 39 80 76 3
30 46 75 94 59 3
69 24 23 25 20 4
47 13 14 24 23 4
5 165 63 151 57 9
32 89 56 67 83 4
54 136 84 158 103 13
43 141 116 161 116 8
5 93 41 47 86 4
0 82 83 46 96 4
7 83 135 75 125 5
25 63 52 44 59 3
70 117 78 66 157 8
78 87 79 80 34 3
48 152 65 82 62 6
19 26 26 10 18 4
54 10 29 16 27 3
42 56 37 87 91 2
42 52 60 72 47 2
4 77 54 87 70 4
52 98 75 67 163 11
75 142 66 76 128 12
9 27 13 11 22 2
11 20 10 15 14 2
65 54 70 49 90 4
7 73 47 63 52 4
50 45 40 89 48 3
2 88 76 75 80 4
77 96 37 75 67 2
75 150 117 108 68 5
19 73 39 59 62 4
68 19 22 20 14 4
22 23 11 22 11 2
53 134 125 157 124 8
73 70 69 87 76 13
16 87 156 123 151 9
51 61 34 71 82 4
63 66 129 63 108 10
1 21 13 26 24 2
10 60 88 48 80 4
38 20 14 14 19 3
1 48 84 62 49 4
8 72 45 46 54 4
28 20 18 26 10 3
77 75 65 35 46 2
49 45 60 93 38 4
29 76 79 80 57 3
62 11 14 24 28 3
3 79 88 86 94 4
41 59 51 60 55 2
40 39 92 61 65 2
11 92 56 56 54 3
12 27 21 10 13 3
9 25 24 18 11 3
26 62 42 90 59 4
20 81 56 53 76 3
47 70 85 78 91 3
0 41 44 83 63 3
60 15 21 12 24 4
22 86 93 93 79 4
21 25 25 22 18 3
62 74 45 76 80 4
72 153 85 110 64 12
50 86 82 32 72 3
74 86 87 93 79 4
6 74 55 77 70 4
66 87 59 93 96 2
69 51 66 95 59 3
25 90 82 90 66 3
74 146 155 157 75 12
69 96 38 59 50 3
9 12 26 28 21 2
30 155 111 67 125 12
14 49 45 73 70 3
53 45 53 96 44 3
33 61 74 95 63 3
57 99 103 142 96 11
78 40 43 53 94 4
15 23 17 13 15 3
72 25 11 10 25 2
46 83 75 89 157 11
2 148 132 80 82 13
7 60 53 67 75 2
1 124 103 125 60 6
74 13 20 20 25 4
61 10 23 25 29 4
66 97 163 68 108 8
30 19 26 20 26 2
38 26 17 27 22 4
56 88 144 150 81 12
59 79 95 39 68 3
40 98 153 90 131 6
74 18 11 22 17 3
9 95 81 69 69 4
35 55 71 79 38 3
52 23 19 11 19 4
41 70 56 78 36 2
3 94 119 60 143 10
45 34 44 40 77 3
32 24 21 28 13 3
74 11 17 20 11 2
29 94 75 38 97 2
61 66 75 90 63 3
33 9 14 11 28 3
63 110 145 87 161 11
65 10 22 24 10 4
44 44 85 33 50 3
32 58 76 88 87 3
63 21 18 20 14 2
76 68 55 49 96 4
66 13 17 13 18 4
43 24 24 22 25 4
77 36 53 86 95 4
40 62 132 104 164 6
73 86 118 152 65 10
51 69 59 87 76 4
0 9 21 28 23 4
63 90 38 43 56 3
71 40 42 40 59 3
15 61 59 56 35 4
43 24 25 24 26 4
1 70 63 49 97 4
79 104 67 72 85 5
70 92 69 84 70 4
26 11 13 14 15 4
25 40 43 56 43 4
59 94 76 87 63 4
33 76 96 80 40 3
71 152 57 124 125 14
61 17 29 27 26 4
23 24 18 11 24 4
60 23 17 19 16 4
21 12 19 16 26 3
39 22 22 12 18 3
78 53 92 85 90 3
68 87 69 41 83 3
25 46 89 72 47 4
69 61 46 90 35 2
0 121 78 160 158 7
67 149 163 97 80 9
53 80 86 59 89 4
30 32 47 89 64 3
27 42 72 91 59 4
79 61 91 40 81 3
2 93 48 39 92 2
33 11 21 18 21 2
37 39 95 94 51 3
24 86 52 56 83 2
18 16 14 12 20 3
55 86 87 37 90 3
69 52 62 38 52 3
5 11 19 28 18 3
73 40 66 60 55 4
20 74 79 37 94 3
42 89 35 81 82 3
60 74 46 48 49 4
27 85 70 86 53 4
48 29 17 21 10 2
48 13 27 13 14 2
33 37 74 86 38 3
65 62 91 85 73 2
35 84 64 56 59 2
13 12 17 26 16 4
12 158 65 69 128 7
68 11 12 20 16 4
77 62 48 65 85 2
46 17 27 23 17 3
5 28 22 18 21 4
49 40 54 94 48 4
5 23 13 14 13 4
57 19 16 28 10 4
10 15 11 23 14 3
0 22 15 11 27 3
42 43 73 46 72 4
20 96 81 73 44 4
55 64 91 56 76 4
38 37 69 83 67 4
67 28 19 10 15 3
54 25 19 25 18 4
27 87 158 124 154 6
59 15 18 25 19 3
34 64 79 38 82 4
46 15 13 25 21 3
0 17 13 21 19 4
41 61 138 100 79 7
13 55 65 52 61 3
58 95 40 34 40 4
62 123 78 98 114 10
29 87 47 35 43 4
18 85 93 70 53 4
30 87 72 96 69 2
21 73 160 143 72 12
2 94 63 51 81 4
12 24 25 15 11 4
25 13 14 14 22 3
61 66 91 94 93 4
67 16 24 16 18 4
50 65 46 77 70 4
70 20 21 27 21 4
71 156 140 157 114 8
10 73 50 40 93 2
5 21 27 25 28 4
68 40 39 69 77 2
2 17 10 16 23 4
24 149 153 85 118 9
46 149 165 151 140 6
10 13 13 10 27 2
36 94 85 38 72 3
60 13 25 27 29 2
20 56 80 34 36 4
9 69 109 74 104 13
54 47 87 51 94 3
68 50 53 65 52 3
34 13 23 14 28 3
66 44 73 82 51 3
55 11 28 18 14 2
6 11 20 17 25 3
15 35 80 65 63 4
42 75 53 66 87 3
4 28 16 10 21 3
70 129 157 148 96 12
52 49 50 87 87 3
50 23 11 10 11 3
58 76 50 60 71 3
2 14 18 21 15 3
37 13 16 27 28 3
60 84 64 59 64 2
63 77 80 36 85 3
26 85 51 96 47 4
31 46 75 46 46 2
20 10 26 25 20 3
17 72 78 76 49 4

