4
250
15 426 436 324 519 357 250 203 317
2 843 679 424 712 777 637 351 674
6 401 105 163 292 71 25 39 15
0 483 166 522 333 280 93 316 241
12 339 427 586 391 58 124 80 74
10 684 281 325 313 640 253 192 191
14 1172 931 320 957 136 201 90 214
15 270 222 575 437 203 217 439 407
4 186 157 208 43 110 120 140 21
18 681 461 602 639 131 111 45 86
20 672 1027 211 588 651 701 106 569
12 548 733 452 680 451 498 303 360
13 522 499 584 172 480 395 464 101
1 677 612 651 271 588 477 382 228
14 359 286 804 1126 45 73 169 245
11 937 210 525 352 48 41 124 93
5 442 418 668 502 411 274 554 431
17 482 149 195 399 249 141 168 223
1 849 279 251 819 119 35 43 119
22 34 96 175 79 2 18 33 5
20 609 331 1096 1100 482 294 890 640
23 1042 536 917 339 95 139 265 36
22 449 153 319 580 119 20 46 77
11 272 130 601 316 65 16 161 87
14 173 205 30 88 113 185 26 45
8 231 334 558 344 34 74 71 97
9 231 553 545 424 32 105 105 97
19 423 461 636 657 60 104 147 41
9 77 109 65 138 19 31 11 39
18 145 191 285 492 31 31 25 130
19 131 593 520 383 32 105 108 110
10 450 271 462 645 309 206 449 501
8 534 428 522 164 139 96 31 29
18 440 537 190 660 53 64 14 98
6 578 308 487 444 104 27 70 125
4 1152 1011 209 199 937 743 187 190
13 60 196 159 43 4 28 16 8
3 621 455 594 599 126 112 152 61
2 188 93 203 155 30 21 48 9
10 208 201 198 102 137 138 104 83
8 673 831 1069 1030 420 701 923 684
23 501 505 255 232 45 113 50 44
24 652 409 512 891 47 97 74 122
17 492 404 480 503 429 387 467 480
16 573 349 460 524 529 207 335 407
5 136 109 76 193 95 95 61 125
18 159 421 352 326 112 360 304 227
19 582 133 106 376 63 36 20 73
3 509 477 481 120 453 412 372 96
5 227 130 448 419 161 128 447 292
18 485 618 292 299 281 547 247 291
15 162 164 144 42 132 156 130 29
12 665 517 630 188 408 258 335 153
9 219 659 963 552 44 149 48 98
17 32 55 138 93 17 28 76 71
12 235 274 593 335 64 19 42 21
24 212 174 515 385 112 119 283 269
13 1059 222 195 496 884 165 173 464
16 285 1077 177 582 283 757 127 459
17 719 1135 593 794 125 157 150 209
1 158 42 148 64 117 28 81 34
0 125 116 61 170 23 22 12 27
4 533 674 291 369 270 525 267 244
14 215 506 257 611 59 132 42 120
14 163 127 67 77 20 31 14 16
12 121 195 193 87 25 55 49 16
14 186 209 106 37 107 205 85 31
1 319 382 643 976 66 47 157 197
22 698 613 177 347 503 309 97 252
7 277 666 295 438 246 570 275 347
4 1005 1076 1058 407 514 966 771 273
14 66 165 70 179 13 25 18 44
10 404 607 325 138 21 101 80 31
13 565 493 520 261 494 375 510 227
5 269 483 640 116 48 51 76 26
2 239 487 641 451 226 403 387 363
16 753 177 841 789 53 13 219 109
13 541 252 667 446 490 200 365 262
23 467 357 283 673 92 88 48 77
17 312 102 125 492 216 79 106 320
7 369 662 345 592 196 513 332 320
23 617 453 355 103 325 334 240 80
0 558 166 174 656 360 153 91 500
5 989 1005 1160 358 212 299 330 20
4 205 111 197 89 45 11 56 24
20 358 175 184 279 351 164 149 211
19 414 698 510 447 79 184 70 30
18 103 130 98 39 72 113 95 35
8 546 505 982 412 541 402 554 367
7 288 544 583 128 44 30 110 24
13 285 783 374 978 57 42 41 147
24 778 1150 1147 324 52 288 77 23
23 173 172 169 33 47 15 25 1
3 173 119 122 182 168 110 63 144
19 410 673 508 664 285 410 283 396
2 1110 1087 1187 872 252 118 129 138
18 625 641 626 548 131 189 98 64
12 64 91 129 194 33 54 92 145
9 43 65 151 141 30 56 82 88
3 342 973 421 574 82 57 60 56
12 188 337 323 412 165 203 170 285
21 172 260 581 243 162 145 360 121
9 891 563 211 576 242 101 42 122
2 387 1031 823 416 107 188 191 89
3 151 191 52 175 33 19 7 41
8 101 678 374 554 14 78 49 161
6 603 689 481 144 480 596 438 94
23 681 695 355 439 486 645 284 371
20 635 305 919 1138 462 250 545 1101
24 45 125 95 137 9 32 23 17
3 123 187 154 126 24 38 9 34
2 1108 1069 358 752 573 966 263 520
0 641 393 511 528 516 205 483 421
16 62 39 47 47 9 7 13 7
16 405 507 294 178 93 89 69 29
24 660 540 494 534 631 528 328 525
13 587 224 575 262 405 134 301 252
15 193 204 653 210 186 151 380 143
4 199 1089 711 941 112 670 360 923
13 293 241 601 665 39 22 179 163
2 565 765 269 440 304 406 231 417
10 31 191 92 158 2 22 24 41
9 972 661 1102 824 817 428 765 620
11 545 924 926 603 117 240 116 157
18 667 1036 667 185 172 190 33 42
24 340 101 350 390 338 58 348 245
5 309 477 198 603 29 66 34 177
11 997 602 654 723 287 172 67 80
6 183 492 219 103 93 278 169 82
1 282 260 138 114 46 14 16 23
12 316 116 326 691 23 33 50 43
20 359 986 747 733 85 270 127 94
0 362 611 467 682 44 32 70 116
3 138 172 193 159 112 127 138 157
2 400 276 345 1015 363 192 228 681
1 366 423 633 968 96 51 178 124
7 327 559 486 614 62 147 127 124
7 71 79 121 105 56 66 64 95
7 567 513 442 287 430 426 436 254
3 932 981 1075 704 245 111 95 64
24 603 206 330 596 70 25 61 34
0 940 1102 974 699 685 821 638 679
1 63 68 146 171 11 12 14 50
10 904 596 587 307 157 150 99 62
22 643 191 447 308 174 10 72 82
6 42 69 119 112 6 14 19 29
21 575 449 685 114 436 369 525 77
9 187 127 143 163 159 103 128 84
16 207 54 200 40 106 41 130 21
23 486 558 1049 791 59 137 199 190
20 189 200 36 78 18 50 3 13
14 112 261 646 382 106 139 430 196
22 150 198 94 172 23 37 19 22
15 180 106 86 191 31 11 22 54
11 598 1187 942 699 387 952 693 489
22 583 138 197 332 345 120 163 308
13 165 627 291 449 142 412 170 390
7 162 128 202 169 144 82 117 101
20 414 524 484 463 51 136 44 49
4 503 475 183 324 350 252 155 279
9 576 624 323 148 347 525 275 85
0 31 92 175 191 21 70 124 129
15 76 58 33 92 55 54 32 85
24 268 284 363 1128 72 84 42 310
4 1138 337 618 1099 290 42 182 120
23 270 556 189 360 31 163 42 25
6 387 590 210 295 24 61 21 39
17 854 621 197 548 248 47 31 131
8 374 233 310 101 194 227 212 95
16 591 386 273 656 535 236 146 645
5 564 403 369 268 551 348 337 144
8 181 33 83 30 42 5 5 6
19 172 505 324 634 40 108 50 157
19 31 155 178 136 22 127 89 101
2 121 108 97 78 25 30 28 17
14 668 298 140 373 350 252 126 245
0 500 287 920 350 147 60 71 29
4 625 569 181 219 62 108 44 35
4 758 1082 951 1139 576 1001 758 735
1 817 396 391 530 123 39 47 121
10 139 94 177 69 11 16 12 10
5 107 65 44 30 76 52 37 25
16 200 385 329 268 35 64 36 20
22 114 681 230 188 76 438 215 177
5 119 37 202 40 14 8 39 11
21 183 939 340 833 107 744 300 698
21 201 108 134 44 56 12 30 5
19 58 32 100 74 56 20 69 49
17 674 395 368 295 80 82 98 23
1 104 172 65 174 18 43 14 34
10 504 487 782 682 287 355 468 593
16 79 127 91 44 17 8 19 11
12 195 278 555 469 44 21 124 79
13 835 456 426 993 738 441 265 503
24 179 611 482 382 173 335 419 269
8 94 100 98 110 72 79 94 98
17 1158 735 921 514 158 61 191 93
5 310 518 435 1181 191 387 326 768
0 190 93 57 146 110 82 45 112
21 425 499 1078 1153 67 48 114 182
8 87 121 177 140 22 35 48 34
10 303 1083 898 220 59 90 104 63
2 247 738 770 348 239 383 436 269
15 422 144 218 393 125 19 45 23
11 203 33 95 64 183 26 83 35
11 65 88 47 109 15 4 7 28
1 51 162 207 176 50 140 148 139
20 288 607 260 199 201 554 182 162
17 361 472 346 458 351 383 293 350
7 158 59 109 49 42 4 11 14
18 930 1067 841 835 124 123 174 70
23 1073 1171 841 272 98 106 214 40
6 663 503 268 162 650 457 253 118
15 77 176 43 98 5 9 3 21
21 64 163 135 149 6 35 19 19
7 405 622 424 554 110 101 104 42
21 551 676 580 108 98 35 127 29
17 76 68 180 175 20 8 47 45
22 191 159 657 563 30 18 128 117
20 404 998 401 1085 119 273 104 302
19 213 161 696 106 149 140 654 65
24 600 191 420 388 532 184 385 367
20 618 509 415 142 125 26 64 39
23 679 567 460 209 360 527 275 196
3 484 204 454 163 56 42 68 18
12 964 890 1135 598 917 693 577 380
8 847 394 277 1113 114 108 63 167
19 129 412 136 505 73 345 127 392
18 358 604 974 811 26 86 274 217
9 1137 1019 998 247 613 969 613 219
9 94 95 119 131 8 25 9 23
21 133 102 42 44 90 89 38 43
15 283 255 280 370 53 64 70 57
3 310 550 371 140 41 155 47 17
15 297 507 674 502 88 86 47 50
10 34 171 61 200 19 116 40 156
6 174 106 178 76 14 26 21 6
11 1166 310 320 207 94 45 38 53
14 1044 561 681 280 275 63 159 37
16 592 372 403 104 88 49 98 7
0 137 203 173 87 91 147 123 80
21 268 697 556 291 19 169 88 42
6 69 97 176 149 52 86 105 94
6 865 985 1103 746 846 727 933 689
22 224 470 319 435 39 47 24 115
11 174 118 201 96 116 61 152 79
21 458 1006 505 319 248 504 279 192
22 191 43 170 30 13 10 18 3
11 1058 381 599 416 579 326 317 257
7 70 137 141 123 10 34 41 36
80
7
1
7
7
7
9
3
2
7
4
1
8
9
2
5
2
5
3
6
1
5
9
1
5
7
8
1
1
1
1
1
1
1
1
1
1
1
1
1
1
1
1
1
1
1
1
1
1
1
1
1
1
1
1
1
1
1
1
1
1
1
1
1
1
1
1
1
1
1
1
1
1
1
1
1
1
1
1
1
1
800
63 53 41 85 84 4
51 13 13 20 13 4
25 100 131 125 58 5
31 12 11 28 25 2
2 16 10 25 21 3
54 27 23 20 22 4
5 17 12 28 13 3
45 46 49 63 63 4
19 54 59 38 58 4
44 28 23 25 16 4
56 21 24 22 26 4
69 96 109 119 84 14
79 14 14 20 23 4
59 145 86 117 92 8
22 26 15 26 18 3
0 24 16 15 19 3
63 44 67 43 52 4
38 75 54 62 92 4
2 84 39 49 87 4
76 54 86 38 46 3
6 110 152 138 123 9
36 147 148 75 146 12
28 58 71 52 48 2
35 55 61 34 39 4
20 53 96 60 63 4
27 65 93 53 36 2
59 78 68 50 48 3
2 62 91 79 34 4
59 123 76 152 147 11
54 11 26 14 16 4
23 28 13 26 26 2
26 95 97 84 90 4
52 79 85 56 84 14
59 92 56 92 73 3
8 158 115 155 96 5
31 79 37 86 86 2
45 130 144 129 158 12
40 79 119 85 153 8
33 70 33 91 80 2
24 22 25 12 19 4
34 71 79 51 83 4
2 20 26 29 20 3
22 13 12 27 21 4
61 32 74 43 50 4
53 9 12 23 19 4
53 77 76 87 43 4
62 24 27 28 13 2
0 76 82 66 42 3
38 62 79 55 95 4
9 23 19 25 21 2
33 72 75 87 71 4
48 123 160 149 73 10
61 79 96 71 52 2
40 79 93 117 103 13
25 113 158 80 89 7
20 57 83 57 142 5
30 160 89 158 77 9
21 16 13 22 17 4
79 144 149 147 110 14
9 90 93 69 68 3
25 13 23 14 11 2
54 56 65 79 49 4
10 10 24 18 18 3
75 77 61 50 73 4
56 21 26 22 20 2
71 47 55 57 74 2
68 21 13 21 19 3
34 36 86 83 79 3
22 85 125 99 164 11
39 69 85 74 88 4
32 21 25 11 9 3
62 126 77 107 146 6
52 60 75 89 53 4
64 97 75 84 71 2
68 10 24 11 22 3
73 81 55 41 60 2
28 87 38 52 60 2
21 137 78 101 160 12
65 37 80 53 39 4
7 72 78 70 61 4
33 45 55 56 41 3
49 129 121 147 101 12
39 18 19 19 14 3
10 150 133 103 101 5
78 86 48 84 87 4
39 68 71 97 96 4
37 74 91 56 119 13
53 21 29 20 12 3
45 56 76 65 88 3
79 39 50 43 94 4
70 44 57 73 84 4
51 58 96 72 77 4
23 28 15 20 22 4
32 159 134 141 71 9
77 85 35 83 54 3
72 28 15 25 10 2
43 26 28 10 13 4
48 27 11 26 26 3
71 40 64 43 83 4
25 144 56 157 109 14
60 141 62 106 113 6
31 60 48 46 78 2
14 126 162 99 135 5
73 149 67 115 159 5
41 25 14 12 24 4
47 78 32 62 53 3
22 94 57 44 50 3
64 150 128 158 132 7
70 26 25 23 21 4
78 90 157 149 115 11
62 69 39 55 35 2
15 18 18 17 23 3
64 59 96 73 67 4
17 83 82 56 96 4
18 11 19 17 22 3
9 28 12 15 13 4
5 35 48 59 44 3
78 153 165 59 146 5
18 23 15 22 23 3
31 41 59 84 47 4
69 95 82 80 85 3
35 62 33 72 40 4
21 18 24 25 17 2
20 112 149 71 106 13
31 93 97 76 66 2
57 10 15 14 12 4
36 23 18 17 11 2
34 18 22 24 26 3
52 81 77 48 54 4
8 23 14 11 28 3
32 60 54 79 39 4
73 91 72 36 42 3
3 84 55 69 39 2
57 42 94 61 92 4
30 108 96 73 60 12
2 24 20 9 27 2
28 93 83 51 51 3
28 86 51 96 59 3
61 17 29 16 14 3
5 26 23 13 27 2
64 127 106 146 140 12
75 162 99 102 90 10
60 27 9 26 15 4
45 144 137 70 76 9
11 36 39 44 32 3
37 123 85 96 86 9
26 91 93 45 89 4
66 102 152 121 89 6
59 77 63 73 95 3
66 159 65 114 109 7
59 22 26 13 21 4
3 83 78 92 143 6
73 69 54 81 75 3
33 21 25 17 16 4
13 11 12 20 25 4
24 47 87 87 79 3
36 54 33 95 58 2
35 46 47 66 84 4
52 100 106 159 90 14
4 84 33 66 56 4
56 20 25 17 9 4
44 21 18 12 13 3
3 58 87 46 80 3
64 27 23 10 22 2
46 15 22 10 11 4
46 40 64 66 92 3
16 73 59 82 66 3
44 59 61 92 41 4
10 73 52 60 64 2
16 89 156 161 90 8
1 46 58 49 52 4
29 60 96 53 69 4
63 122 97 106 149 10
14 41 56 95 72 3
29 137 149 81 148 12
75 14 26 12 26 3
45 19 20 10 19 3
69 21 15 24 19 2
45 17 26 13 27 3
10 10 19 10 22 4
68 84 36 54 45 4
79 54 70 63 95 4
50 85 54 57 95 4
58 139 62 83 121 10
49 28 17 14 21 3
74 14 22 21 18 3
58 100 145 147 98 5
23 63 121 97 131 6
36 34 73 56 79 3
51 10 28 21 26 2
37 97 75 131 95 12
39 12 20 27 18 3
72 27 23 28 27 2
30 72 63 81 63 3
39 67 68 66 57 3
79 124 126 94 69 8
32 47 54 68 39 2
25 40 64 48 89 4
73 125 66 126 96 11
67 59 38 93 80 3
33 38 57 53 38 2
26 33 92 71 69 3
68 81 106 58 113 7
15 83 65 95 96 4
46 83 58 54 56 4
53 12 20 26 16 3
76 40 65 36 36 4
19 26 17 11 15 3
65 17 27 22 17 2
41 127 165 94 61 11
26 16 12 18 10 3
34 60 53 43 44 2
52 25 24 9 12 3
8 72 106 66 65 11
12 25 25 27 18 4
79 79 35 54 50 3
37 80 72 61 94 2
52 161 126 151 134 7
30 13 24 11 20 2
73 58 38 46 67 3
65 62 86 84 87 3
43 88 142 77 150 13
15 42 85 45 78 4
18 112 158 81 85 6
77 124 135 116 83 14
23 62 35 42 48 3
28 97 94 91 71 4
12 37 45 35 57 2
40 71 70 40 58 3
38 94 59 60 78 4
72 67 65 68 97 3
22 27 18 21 22 4
36 25 11 24 15 2
63 12 9 28 13 4
14 21 16 10 29 4
23 26 24 12 19 3
34 85 45 79 61 3
65 48 87 65 85 2
69 10 19 26 17 3
0 78 79 71 83 4
38 56 67 83 35 4
37 53 73 67 87 2
58 21 20 20 14 3
68 13 16 24 29 3
69 22 12 23 20 2
62 75 61 55 50 3
67 21 18 22 17 3
55 24 15 22 16 4
42 52 85 69 42 3
57 81 59 37 89 3
59 45 83 65 96 3
3 28 27 22 17 4
48 79 57 85 76 2
4 49 79 41 51 4
11 74 116 82 91 5
55 93 41 97 51 2
35 78 60 89 93 3
69 24 22 25 15 3
24 88 46 81 59 4
29 18 16 24 21 3
27 17 14 14 25 4
57 54 73 50 65 4
75 24 18 9 24 4
46 42 52 44 64 3
76 79 54 37 45 4
50 146 133 121 102 11
6 27 13 17 22 4
49 12 16 14 10 3
31 38 94 46 89 2
3 94 115 128 60 12
59 16 19 12 19 4
57 65 115 144 56 14
63 79 59 65 65 4
41 89 45 67 89 4
36 24 13 18 10 2
30 34 64 78 77 3
42 12 11 20 11 2
75 53 73 59 58 2
54 21 23 19 22 3
22 72 80 45 60 3
61 50 34 59 78 2
53 81 32 87 63 4
32 16 19 17 14 3
75 80 86 38 64 3
11 93 39 68 48 4
1 81 95 72 122 5
67 78 82 92 59 4
43 84 138 132 61 10
28 27 16 24 27 3
21 48 85 95 96 3
79 74 53 61 38 4
62 22 11 13 19 4
76 73 153 112 135 5
7 37 77 46 36 2
70 11 16 10 28 4
4 96 74 52 57 2
51 133 85 138 115 9
30 80 147 77 140 6
9 162 141 78 124 13
59 68 54 72 94 4
12 55 50 80 65 4
43 18 11 18 27 2
76 85 38 82 71 4
62 121 128 93 123 11
74 20 21 21 21 4
24 26 14 18 27 3
67 142 80 90 86 7
44 56 34 85 32 4
36 73 117 78 60 8
23 11 17 22 11 4
56 122 152 152 152 11
61 83 61 42 94 2
39 160 110 86 115 9
48 53 91 64 62 4
8 72 33 76 67 2
18 91 66 75 70 4
58 85 62 85 89 3
8 18 12 24 12 4
37 71 87 70 92 11
13 21 16 27 24 4
42 13 9 25 28 2
47 76 46 86 70 3
27 37 47 74 56 3
43 143 102 121 84 11
5 72 52 40 67 4
2 95 155 144 125 9
1 11 19 13 12 4
13 26 20 16 11 4
37 49 39 71 76 4
68 20 13 24 12 4
76 58 90 68 59 4
15 23 20 11 11 3
17 14 17 25 26 3
17 133 154 89 160 6
65 70 85 55 33 4
31 69 36 70 44 2
25 78 86 37 39 3
77 81 73 49 77 4
13 79 70 38 74 3
61 32 53 53 71 4
1 92 63 78 44 4
0 150 132 140 60 12
55 18 26 12 21 2
20 78 85 91 75 2
21 48 43 96 78 2
77 54 63 46 37 4
28 27 18 11 23 3
3 50 71 94 72 3
18 65 48 65 53 2
0 10 27 17 14 3
41 19 11 14 25 2
14 58 65 128 130 13
10 80 96 85 56 2
4 56 72 70 32 2
68 40 60 77 78 3
66 38 83 78 54 2
30 20 27 29 10 2
31 66 38 42 39 4
44 66 70 74 75 3
16 33 44 72 60 4
34 59 40 89 81 3
65 18 19 24 16 3
19 93 57 59 84 3
60 44 51 35 34 4
72 107 103 72 65 8
36 72 53 59 41 4
5 23 14 12 10 4
26 87 46 34 62 3
7 23 13 26 19 4
55 57 69 82 58 10
12 162 81 159 138 13
63 12 25 9 16 3
25 22 29 21 10 3
17 90 84 59 153 7
38 20 15 26 16 2
33 28 14 23 25 3
4 72 45 54 40 2
65 23 17 18 27 3
70 16 12 27 21 4
41 136 165 65 135 13
38 23 23 15 15 3
48 59 66 38 41 3
67 34 35 92 62 4
70 74 156 156 72 12
6 10 18 28 16 3
72 61 70 93 76 3
58 83 139 86 161 7
1 10 22 26 10 4
52 27 24 27 14 3
64 85 76 46 49 4
42 74 58 149 80 14
69 80 94 46 94 3
11 27 26 25 13 4
61 85 73 79 85 3
40 22 27 27 21 3
70 58 43 60 78 2
37 87 54 54 92 3
34 61 47 40 40 4
69 92 77 41 89 4
0 81 74 38 86 4
61 65 97 66 119 10
56 16 23 20 19 4
23 76 71 41 59 3
71 120 70 91 103 6
47 28 10 16 14 4
7 87 62 38 93 3
78 87 88 46 91 4
42 140 64 90 107 10
8 65 94 78 74 4
11 85 118 116 86 5
40 70 65 76 72 3
66 12 16 10 15 4
65 64 145 104 76 9
66 161 157 144 80 12
26 17 13 18 15 4
53 66 62 64 67 4
29 14 27 25 14 4
63 45 75 90 79 3
36 158 95 108 79 6
65 22 15 15 19 4
54 61 67 35 78 2
9 21 28 24 15 2
44 28 15 13 13 3
44 42 37 80 82 4
19 83 83 56 63 4
10 21 11 12 23 3
71 19 23 26 28 3
40 99 90 89 71 5
58 89 65 92 45 4
74 96 63 89 63 2
8 59 135 75 81 13
53 15 24 10 28 4
60 81 86 45 59 3
72 29 16 28 11 2
51 55 42 36 35 4
45 56 84 97 52 2
21 59 92 80 58 4
41 90 42 80 68 4
5 61 137 72 74 14
18 26 21 14 26 2
56 145 64 153 116 6
24 22 14 24 26 3
54 75 87 77 61 3
47 15 27 11 21 3
69 128 143 65 77 8
19 70 54 76 59 2
66 135 59 162 160 10
10 78 71 40 71 3
74 23 27 26 15 4
3 76 85 74 57 4
73 60 96 90 91 3
74 93 163 151 164 14
0 36 94 72 60 4
47 81 70 40 84 3
70 44 84 86 78 3
8 36 54 67 80 3
26 84 86 48 97 2
13 33 77 46 88 4
17 15 23 18 23 4
58 11 25 19 21 2
56 18 12 22 18 4
17 101 141 83 105 7
75 10 16 23 22 4
15 66 89 41 91 4
38 87 59 71 87 3
72 78 37 40 64 3
77 81 53 72 59 2
49 15 22 23 14 4
32 17 17 26 24 4
49 55 86 36 63 4
43 97 66 54 90 2
47 16 20 25 16 3
41 83 89 50 95 4
20 78 47 47 58 4
26 146 146 153 73 10
53 52 58 88 39 3
77 152 154 114 99 13
63 60 140 58 84 13
73 15 11 15 22 2
68 32 44 80 40 2
20 71 114 68 112 5
35 19 29 26 22 4
28 144 115 63 72 10
49 63 49 88 60 4
68 93 54 88 81 3
46 45 67 80 73 4
6 40 67 47 41 3
41 63 59 59 154 14
79 21 20 11 16 3
74 91 56 62 69 4
34 72 89 56 90 3
76 81 48 67 79 4
7 146 125 65 132 6
27 70 89 47 84 2
42 23 12 16 17 4
28 63 68 43 39 4
70 81 46 60 86 4
74 71 51 88 32 3
16 11 22 23 22 3
77 45 35 35 73 3
19 92 90 44 68 4
41 63 40 87 68 2
3 15 13 19 26 3
32 14 22 24 14 4
14 96 94 41 85 3
49 32 68 70 35 2
29 26 20 29 19 4
1 13 20 10 26 3
31 122 107 159 94 12
78 40 81 91 64 3
48 96 88 85 81 4
79 15 26 12 23 4
55 18 23 12 25 4
62 59 60 63 75 13
38 77 144 85 99 12
38 76 66 33 34 4
7 122 112 85 57 14
30 93 96 59 55 4
71 83 71 56 95 3
6 11 15 18 10 2
51 88 54 94 84 2
20 20 22 29 11 3
16 14 24 10 10 4
60 19 24 23 16 2
1 25 11 14 23 4
29 17 25 25 27 3
50 24 24 12 22 4
54 155 73 67 60 6
46 87 122 131 92 13
24 54 39 76 58 3
1 51 44 44 63 3
60 150 157 145 88 12
47 12 26 26 19 4
67 139 95 75 135 10
44 17 19 11 13 4
4 24 18 27 15 4
15 81 39 54 89 3
75 21 14 18 19 3
52 19 24 27 17 2
39 120 104 152 92 14
11 107 79 78 146 6
74 49 52 79 81 4
30 22 26 19 19 4
31 39 61 82 83 4
54 74 141 75 102 9
56 77 91 66 66 4
58 54 65 56 48 3
32 45 93 34 55 4
12 58 88 35 73 3
0 36 76 47 84 3
77 95 45 69 81 2
38 85 60 71 76 2
52 124 158 78 163 12
25 90 154 107 130 5
19 83 52 36 37 3
28 105 55 124 161 12
5 46 57 73 52 4
27 111 124 143 78 10
48 19 23 24 23 4
24 73 75 39 87 4
39 82 116 104 90 11
42 79 53 78 70 3
51 85 39 81 74 3
29 85 58 64 39 3
20 23 22 14 17 3
76 50 70 54 42 4
62 66 58 36 43 3
35 11 22 16 11 4
39 121 107 72 68 13
50 47 60 65 75 4
61 64 79 101 144 9
18 87 50 85 96 4
78 19 24 13 25 3
36 56 41 46 73 3
37 93 39 63 91 4
11 91 37 81 43 4
6 15 23 20 21 2
77 20 27 10 17 3
12 89 116 62 117 6
49 63 60 38 68 3
77 38 77 84 61 2
35 14 18 18 26 4
2 70 85 65 59 4
47 25 28 12 12 3
12 12 13 16 26 2
43 13 11 10 27 4
42 91 61 165 131 7
50 85 83 90 40 2
56 80 54 81 92 4
14 56 40 91 80 3
13 24 17 9 20 2
72 95 77 75 49 4
67 70 77 105 55 10
22 53 50 82 72 2
13 59 78 61 81 2
55 27 16 28 26 3
23 131 108 55 158 6
10 43 76 90 78 4
69 16 28 11 29 3
60 22 13 22 24 4
14 42 87 57 53 2
39 50 76 61 68 4
11 67 64 90 80 3
8 16 19 10 27 4
12 154 99 162 131 6
29 92 47 74 91 4
55 42 69 79 94 2
24 81 44 52 58 3
60 90 39 55 59 3
55 44 66 48 70 3
16 70 69 54 89 3
16 55 70 139 146 5
40 82 85 66 46 4
10 49 40 84 67 4
4 13 22 17 23 2
24 73 53 86 95 4
73 128 60 90 164 10
50 86 81 74 35 4
43 23 17 17 14 4
48 52 68 93 65 2
57 23 10 16 20 4
13 15 11 10 12 4
17 90 39 74 84 2
78 58 89 39 89 4
37 45 77 94 60 3
27 20 13 23 10 3
2 53 59 40 41 3
74 54 67 63 55 2
41 69 65 85 44 3
27 55 81 40 74 4
78 69 61 83 93 2
40 72 67 93 82 5
19 44 58 80 91 4
9 76 69 71 55 3
33 73 90 73 67 3
71 34 33 83 79 2
15 14 13 22 27 4
16 47 61 43 34 3
57 23 13 26 11 4
6 38 49 52 80 3
22 99 126 110 63 7
58 89 39 40 67 4
2 15 23 12 28 3
66 19 27 11 13 4
34 37 62 86 68 2
9 97 52 32 53 3
72 80 46 61 33 4
47 34 50 56 73 3
62 82 86 33 91 3
8 65 45 70 81 3
51 77 39 39 65 4
46 88 54 48 68 3
49 105 115 85 162 14
64 96 64 88 72 4
45 40 88 62 74 2
56 74 59 50 72 4
29 22 14 24 14 3
40 25 22 10 18 3
57 22 15 15 13 3
22 158 126 159 145 12
66 105 107 56 140 9
4 75 91 73 69 3
62 136 105 104 140 14
15 45 50 73 48 4
50 90 62 65 32 4
17 19 18 17 25 3
63 98 132 65 105 8
54 52 84 60 90 2
4 24 12 14 19 3
64 10 21 22 28 3
13 15 26 16 26 3
46 152 66 65 72 12
9 93 88 80 43 2
3 25 12 22 25 4
34 22 20 15 21 3
19 88 78 160 109 12
25 111 87 96 147 7
59 62 32 65 80 3
78 84 60 77 56 4
35 87 57 38 55 3
32 135 133 58 156 14
5 150 158 85 71 11
16 137 86 131 151 7
33 66 93 83 47 4
15 138 144 121 147 8
11 80 89 121 118 10
44 59 91 65 50 4
30 23 25 19 17 3
67 12 17 18 22 4
10 10 18 23 11 3
71 60 124 84 140 5
67 122 155 98 108 13
60 77 55 33 77 3
27 158 66 79 121 9
9 71 73 84 54 2
50 10 21 19 10 4
7 19 24 15 25 2
76 95 78 67 75 3
49 83 71 75 60 4
52 163 121 72 55 11
12 28 28 21 15 2
50 60 78 65 35 3
7 58 159 56 57 14
12 27 14 20 23 2
23 159 60 79 99 13
60 25 22 24 16 3
18 27 21 26 28 4
23 86 44 77 69 3
53 45 86 71 73 3
72 15 27 19 12 2
4 73 73 88 78 4
57 25 23 14 15 3
55 13 19 21 10 4
43 70 97 85 56 14
51 73 58 47 87 3
15 23 15 22 13 4
19 19 25 25 21 3
0 85 43 42 96 2
27 154 142 133 101 11
63 21 10 26 10 4
14 22 24 11 26 3
64 16 17 14 14 4
16 68 88 53 95 4
17 40 79 78 63 3
75 22 16 15 13 3
24 132 85 164 145 14
71 58 58 42 67 3
35 132 88 60 161 5
57 38 80 53 46 4
50 161 141 141 142 10
45 80 57 58 40 4
79 21 28 24 19 4
32 55 70 45 36 3
33 78 56 91 58 3
33 28 24 20 19 3
21 59 74 58 45 3
54 37 60 36 64 2
58 38 84 79 39 3
55 84 111 98 124 5
14 22 9 28 25 2
74 81 97 77 44 3
0 84 96 69 137 10
61 151 65 128 98 10
53 79 88 50 90 3
48 38 77 92 47 2
78 120 145 121 77 11
6 131 120 93 120 12
76 65 41 37 90 4
46 84 34 53 43 4
46 81 71 55 60 2
5 64 69 70 43 2
1 76 79 63 76 4
66 51 71 94 59 3
70 42 94 43 43 4
51 24 23 18 12 3
73 37 77 71 90 4
18 23 11 15 10 3
21 84 89 83 32 3
21 72 37 79 56 4
6 58 134 146 142 11
5 71 42 73 72 4
7 52 36 78 36 2
2 85 159 88 82 10
64 38 68 72 71 4
66 25 16 17 28 2
45 27 20 14 16 3
14 141 106 119 163 10
17 87 70 94 85 4
1 87 129 98 92 11
43 62 77 57 39 3
44 62 73 127 100 11
20 111 106 156 157 10
7 17 9 24 15 3
40 53 53 34 38 4
68 90 130 84 160 5
3 80 49 71 73 2
26 56 122 120 147 12
35 12 21 14 18 3
29 34 51 63 95 2
75 69 96 63 56 2
6 95 32 53 47 4
22 80 52 71 44 2
11 79 55 54 36 4
13 57 154 95 163 11
27 78 35 66 39 2
65 13 15 18 26 3
48 13 22 10 10 3
71 13 24 27 14 3
42 65 39 91 81 3
25 19 18 24 20 4
20 26 10 15 17 3
9 19 28 24 22 3
26 13 11 25 28 2
18 134 112 74 141 14
47 34 63 71 37 4
42 103 133 62 110 5
67 75 48 75 55 2
21 53 76 89 48 3
71 157 85 133 132 12
70 58 156 133 100 10

