3
20
8 562 215 559 79 60 105
5 714 737 259 541 560 207
14 327 699 592 166 433 432
11 563 112 658 36 31 117
0 175 161 149 97 145 125
3 882 748 918 607 504 727
19 313 679 392 288 433 240
16 162 470 122 99 454 104
10 661 293 265 119 47 40
9 748 234 996 489 145 659
4 146 105 130 85 73 119
7 690 395 252 35 24 37
17 86 122 125 77 78 75
13 154 77 203 137 60 139
15 546 656 1071 99 103 127
2 125 420 119 28 117 13
18 545 127 399 434 94 298
12 402 409 119 253 282 104
1 146 149 382 78 121 231
6 536 506 699 343 283 463
30
1
1
1
1
1
1
1
1
1
1
1
1
1
1
1
1
1
1
1
1
1
1
1
1
1
1
1
1
1
1
60
2 82 84 83 4
0 61 155 99 6
14 98 82 117 8
2 22 10 27 4
20 13 14 23 3
11 12 23 11 3
25 81 39 42 4
1 158 158 128 14
22 15 15 19 2
13 61 78 43 4
26 29 25 22 2
10 72 137 62 9
11 66 96 69 5
24 94 57 68 3
8 89 69 53 4
16 57 80 54 2
13 36 59 36 4
12 24 13 15 2
0 81 64 68 3
27 25 19 23 4
15 9 28 18 4
18 71 52 91 4
9 95 150 67 9
3 24 20 24 2
7 112 142 140 7
24 12 24 24 2
7 91 80 48 3
17 164 90 58 5
21 93 162 115 14
25 23 12 17 2
20 87 154 85 12
6 48 71 51 2
19 98 88 146 7
23 28 10 17 4
9 61 59 72 3
22 92 90 89 4
6 47 52 41 3
29 77 50 49 2
4 159 143 84 7
1 15 28 18 3
5 48 82 66 3
26 87 70 142 13
10 13 10 10 3
15 16 19 24 2
23 159 164 139 13
18 89 76 78 3
8 80 52 53 4
4 86 97 108 9
29 41 56 89 2
12 97 124 88 11
19 51 48 96 2
28 104 146 121 12
14 9 15 10 4
3 55 90 46 4
17 128 118 112 7
27 94 49 44 4
5 87 159 121 10
28 151 61 165 9
16 80 153 87 8
21 43 40 60 3

