3
20
13 572 353 400 100 46 62
11 147 161 104 42 31 10
15 38 127 147 33 75 134
4 158 533 554 31 73 101
18 126 68 55 118 49 48
9 178 106 161 41 24 41
0 541 640 226 339 405 207
10 568 261 262 165 20 72
1 149 85 84 30 12 17
19 188 132 106 9 29 27
7 378 491 237 304 315 205
8 425 578 197 304 397 189
16 196 921 758 11 260 133
14 1011 806 717 555 781 570
2 318 686 592 92 194 36
3 205 200 171 44 32 31
5 185 542 503 168 442 462
12 129 60 85 16 12 22
6 213 271 638 13 36 183
17 667 564 844 183 96 58
30
1
1
1
1
1
1
1
1
1
1
1
1
1
1
1
1
1
1
1
1
1
1
1
1
1
1
1
1
1
1
60
19 24 15 14 4
17 89 61 80 4
23 74 91 58 2
13 96 120 100 7
18 93 56 154 8
1 13 25 19 4
25 19 25 18 3
24 149 63 70 13
21 10 16 10 4
19 58 90 60 4
9 11 21 16 2
18 25 16 12 2
12 25 20 22 3
11 85 67 83 4
8 40 54 69 2
23 77 77 52 3
29 58 151 145 7
28 58 33 61 2
15 39 68 59 2
12 49 71 89 2
9 55 53 67 3
20 94 67 149 5
20 84 85 60 10
4 84 73 69 3
6 45 56 73 4
10 144 81 139 8
4 43 76 84 4
0 79 74 75 3
11 72 95 97 2
5 65 89 94 11
27 28 27 22 3
17 78 54 51 2
24 133 117 76 9
22 16 28 27 4
21 35 53 39 4
25 36 72 90 4
2 50 61 82 3
28 14 28 23 3
14 22 22 22 3
2 11 15 12 3
15 15 11 16 4
13 53 96 80 2
0 47 44 66 3
7 73 73 56 4
3 13 13 12 2
10 92 37 79 4
14 20 11 16 3
26 62 58 82 3
6 47 72 41 3
16 60 93 54 2
22 89 86 77 3
8 38 35 87 3
26 71 45 65 4
7 9 17 27 4
1 18 27 20 2
29 69 43 43 4
5 63 52 35 4
27 14 14 26 2
3 42 56 60 4
16 108 62 119 13

