3
20
17 1093 654 580 713 339 351
14 839 377 918 247 33 104
11 488 670 474 29 33 95
10 160 129 280 46 33 46
16 341 637 552 82 190 95
7 901 732 364 81 80 86
4 181 104 41 132 68 26
6 109 152 161 93 93 91
18 45 159 130 9 31 37
2 467 832 427 412 595 232
15 1102 1095 640 170 125 81
0 334 591 331 61 70 76
3 284 350 750 63 61 221
13 210 690 292 202 521 155
12 262 272 465 237 232 399
1 129 154 110 16 39 13
8 58 122 113 13 28 11
5 1076 910 478 213 148 54
9 215 209 355 213 159 276
19 421 433 669 291 247 537
30
1
1
1
1
1
1
1
1
1
1
1
1
1
1
1
1
1
1
1
1
1
1
1
1
1
1
1
1
1
1
60
11 64 60 93 3
26 60 81 48 2
26 28 26 28 4
16 29 18 28 3
29 75 89 45 3
22 89 59 57 4
25 69 60 43 3
13 90 95 89 2
21 26 21 29 4
8 50 75 66 4
11 58 86 73 14
3 20 19 16 4
28 88 36 91 4
25 17 22 18 4
17 160 157 70 6
1 15 26 11 4
14 62 47 38 2
12 9 24 18 2
9 25 22 20 3
2 14 25 17 4
10 96 89 68 4
27 43 47 92 3
29 96 59 62 2
1 16 28 17 2
18 71 89 86 3
18 14 26 10 3
27 57 32 77 3
23 98 109 58 11
13 64 157 79 10
28 66 72 62 4
24 96 63 144 10
7 41 35 85 4
2 88 71 156 7
19 26 19 23 3
4 84 64 83 3
8 28 23 28 3
3 69 118 143 11
5 21 14 21 3
23 125 93 113 12
20 15 28 27 4
6 134 105 81 6
6 67 83 162 5
9 100 143 143 9
19 53 78 73 3
16 68 95 84 4
15 36 95 45 4
14 14 12 20 4
12 62 96 94 4
4 24 22 22 3
22 10 24 26 3
10 128 154 66 11
7 27 11 13 4
17 58 96 94 2
20 63 143 119 10
5 19 19 20 4
21 78 67 88 4
24 37 36 49 4
15 18 28 14 4
0 81 68 89 2
0 89 94 79 4

