3
20
1 374 513 397 56 74 88
13 541 357 145 372 333 96
18 163 686 681 145 612 370
8 408 186 603 100 44 99
5 170 485 328 11 133 48
15 490 605 444 135 85 89
11 1168 205 685 959 183 345
16 451 1161 671 111 298 51
17 262 669 292 40 74 49
19 106 108 52 10 8 4
10 537 265 563 319 213 368
3 202 104 184 123 82 133
7 194 125 165 161 87 121
0 178 270 302 106 136 291
4 164 74 86 106 39 49
14 733 1133 205 70 251 41
6 560 626 599 45 36 45
12 42 186 205 6 35 36
2 61 146 153 5 23 30
9 737 185 650 45 39 87
30
1
1
1
1
1
1
1
1
1
1
1
1
1
1
1
1
1
1
1
1
1
1
1
1
1
1
1
1
1
1
60
21 52 77 37 3
15 27 15 19 4
11 69 40 76 4
20 113 87 133 9
26 44 71 88 2
17 106 143 96 7
16 67 34 50 4
24 22 15 13 2
28 89 65 86 4
5 70 32 66 3
23 20 24 15 3
10 64 66 79 3
14 29 25 20 3
7 79 84 48 4
2 38 71 77 3
29 136 57 145 5
0 78 57 34 4
12 74 89 90 3
1 124 68 157 11
19 152 155 137 11
22 23 21 11 4
13 92 85 93 4
5 77 93 160 10
14 48 88 57 2
23 79 80 118 5
19 77 67 48 3
0 72 38 50 3
4 25 20 19 3
24 144 86 78 5
29 151 69 142 12
25 96 80 86 3
17 93 39 91 4
8 53 66 90 4
22 19 22 29 2
18 15 21 22 3
3 12 23 25 4
11 60 34 72 3
10 93 43 56 4
9 84 76 74 2
1 79 40 65 2
20 98 70 72 8
9 25 15 25 3
15 42 46 44 3
6 117 141 88 8
12 71 79 88 2
7 18 19 14 3
28 23 24 26 3
8 51 36 33 4
18 13 19 20 3
2 12 11 10 3
27 47 36 93 2
21 23 25 17 4
6 77 70 75 13
13 126 148 64 12
25 58 75 53 3
16 159 125 91 8
3 70 71 83 3
4 23 23 24 2
26 109 120 81 6
27 38 43 42 2

