3
20
9 281 406 388 279 395 386
8 186 92 72 13 19 10
1 38 112 122 33 60 108
18 330 661 607 221 438 486
13 453 645 188 107 32 18
2 179 531 501 25 53 112
14 227 253 581 204 218 390
10 84 161 79 13 28 19
3 357 228 550 279 222 526
17 510 121 680 84 21 174
11 696 108 450 80 11 46
0 213 673 463 63 70 98
12 98 101 43 27 23 12
19 1182 325 936 168 72 255
4 428 1004 719 69 154 76
5 150 479 564 105 329 283
7 778 322 974 184 20 76
15 575 211 1024 316 160 783
16 1107 1149 340 143 216 94
6 1037 1014 1068 858 910 1066
30
1
1
1
1
1
1
1
1
1
1
1
1
1
1
1
1
1
1
1
1
1
1
1
1
1
1
1
1
1
1
60
29 75 47 34 4
16 9 26 15 2
13 66 41 72 4
3 74 67 54 3
10 15 25 10 4
8 55 157 115 6
13 10 25 26 4
23 72 92 92 3
2 117 107 144 8
29 28 19 14 3
25 53 95 87 4
27 21 26 19 3
12 10 27 11 4
6 60 85 71 3
14 46 83 93 3
0 38 35 53 2
24 23 12 20 4
1 48 87 86 2
17 65 84 38 2
3 70 58 39 2
28 33 74 37 3
16 19 23 20 2
11 26 15 20 4
4 76 44 90 2
7 79 47 62 3
27 20 16 17 3
21 18 12 23 2
15 80 69 77 3
23 14 19 25 2
15 84 91 78 3
8 62 44 64 4
7 88 60 94 4
20 51 45 46 3
19 95 78 54 4
24 12 25 12 3
1 79 60 76 2
19 78 62 42 3
0 72 64 63 3
21 142 88 112 9
22 28 15 27 4
14 12 22 11 4
9 81 90 138 12
20 89 46 53 4
5 105 60 148 5
5 79 69 53 4
18 55 90 54 3
6 74 42 83 3
22 34 49 35 2
25 13 28 10 4
26 78 49 88 2
12 17 27 23 4
28 13 28 27 4
17 17 10 10 3
9 18 19 17 2
18 144 140 126 11
4 68 61 55 2
10 47 82 54 3
2 36 47 91 2
11 124 147 97 14
26 92 36 67 3

