3
20
7 728 329 985 444 173 584
18 533 368 380 468 363 302
3 152 43 126 35 10 36
0 513 293 222 113 39 26
4 303 284 649 279 252 541
14 515 772 727 343 732 513
6 456 783 884 348 685 727
13 911 992 673 232 241 171
2 1026 696 488 735 467 261
15 491 537 318 377 303 181
10 162 178 91 48 46 14
16 518 137 170 365 100 108
8 391 579 258 44 104 67
1 182 34 209 44 4 59
17 896 531 613 138 45 109
11 728 1052 323 509 697 177
9 544 254 429 84 57 111
19 523 824 266 468 728 239
5 296 635 197 23 40 16
12 349 642 228 78 36 40
30
1
1
1
1
1
1
1
1
1
1
1
1
1
1
1
1
1
1
1
1
1
1
1
1
1
1
1
1
1
1
60
3 91 94 83 4
14 13 12 27 4
25 11 14 27 3
17 22 25 19 2
22 70 56 95 2
29 25 18 15 2
27 82 97 57 4
21 95 49 70 3
0 116 95 93 11
1 20 12 19 4
19 58 36 71 2
10 148 141 136 5
2 90 70 44 3
24 40 77 69 3
23 37 53 41 4
18 16 17 11 3
26 95 76 86 4
10 42 94 90 4
16 147 90 121 12
9 12 25 27 4
7 44 41 79 2
8 12 16 28 3
22 77 120 105 12
18 75 72 45 4
25 36 53 90 4
28 21 22 20 2
19 107 155 69 10
2 13 10 12 2
20 60 63 42 4
20 107 82 63 12
5 66 76 78 3
4 24 26 23 3
21 10 23 19 2
6 120 157 81 8
15 34 82 75 3
5 136 71 85 13
4 10 24 12 4
29 71 56 43 4
16 28 14 16 4
3 70 95 49 4
1 17 21 18 4
17 48 44 81 4
12 26 20 18 2
6 10 19 23 3
9 24 22 18 3
0 10 19 20 2
12 80 63 74 4
24 27 22 16 3
11 137 122 78 7
8 91 63 35 3
11 154 58 81 7
23 10 14 28 2
15 92 70 59 5
27 88 84 35 2
26 87 64 73 4
7 55 70 32 2
13 55 80 162 12
14 60 60 164 7
28 21 22 22 3
13 17 26 13 3

