3
20
16 193 564 405 35 70 107
1 128 57 95 20 10 15
6 418 203 682 52 38 129
0 898 219 842 727 174 490
17 174 181 33 154 143 25
15 750 1128 679 203 109 183
5 91 154 100 6 37 6
13 309 209 560 213 164 353
10 52 40 41 26 25 38
2 1020 804 937 574 749 558
12 390 207 523 282 194 321
3 821 766 894 152 153 149
7 60 189 103 39 139 56
9 255 878 954 48 207 185
19 129 102 117 91 53 67
18 683 822 972 662 746 698
14 178 105 144 119 75 72
4 52 67 44 45 35 30
11 469 959 633 114 140 69
8 618 225 193 57 51 53
30
1
1
1
1
1
1
1
1
1
1
1
1
1
1
1
1
1
1
1
1
1
1
1
1
1
1
1
1
1
1
60
23 90 88 92 3
25 51 52 42 4
24 18 22 19 4
10 45 82 52 3
13 15 26 21 4
27 79 90 91 4
28 57 71 52 2
29 137 70 85 10
17 27 20 26 4
4 87 92 59 3
7 63 56 93 4
18 24 16 24 3
28 86 70 77 2
9 15 19 17 4
3 152 164 119 14
10 17 21 17 3
16 85 161 122 6
4 14 24 16 3
19 28 28 16 3
5 28 24 11 2
5 62 67 94 4
2 72 80 78 4
15 73 160 156 11
21 55 63 93 3
12 52 60 40 4
21 132 128 143 6
11 73 56 56 4
25 72 79 100 10
15 83 34 53 4
19 81 96 84 2
8 137 147 138 10
27 71 116 119 11
14 16 26 16 2
2 32 66 96 4
1 134 76 105 12
26 132 158 84 12
14 27 13 23 4
6 13 18 11 3
20 54 50 93 3
17 64 69 69 2
0 68 37 82 4
11 85 74 86 4
12 35 58 91 4
26 45 73 50 4
22 53 60 36 3
3 87 68 57 3
13 84 75 40 3
18 33 82 39 4
24 83 60 45 3
23 32 62 69 4
29 53 49 76 3
8 19 10 19 2
9 136 59 126 10
1 18 14 28 3
7 37 64 86 3
22 45 61 41 3
20 32 61 54 3
0 38 36 84 4
16 78 44 76 4
6 95 66 82 3

