3
20
14 299 943 228 210 655 156
3 439 504 397 416 373 335
8 570 151 563 491 85 431
5 116 131 118 77 71 93
7 332 723 211 203 719 191
10 101 186 133 60 111 122
4 231 137 385 45 21 30
12 55 149 132 53 87 118
1 910 412 494 242 53 97
19 579 342 598 170 84 40
0 128 529 662 105 384 394
13 113 92 92 33 15 4
18 443 396 442 115 114 130
15 1027 274 520 898 157 321
6 30 38 81 18 35 62
16 506 325 1113 317 311 628
9 683 429 387 349 349 226
11 480 482 422 455 279 331
2 941 820 532 71 60 94
17 286 118 373 17 22 52
30
1
1
1
1
1
1
1
1
1
1
1
1
1
1
1
1
1
1
1
1
1
1
1
1
1
1
1
1
1
1
60
27 47 52 33 2
5 65 94 71 2
13 72 39 79 2
17 152 125 131 11
0 16 15 13 3
26 54 87 45 3
22 54 70 68 2
3 33 87 74 4
28 19 24 13 4
18 109 62 59 14
26 48 67 43 3
4 44 56 81 2
2 15 10 16 4
21 42 77 88 4
14 17 21 10 4
10 58 51 36 4
0 41 93 42 4
12 95 80 87 3
19 69 64 48 4
12 63 60 82 4
2 46 50 38 2
28 23 19 26 3
15 58 50 35 4
13 67 97 37 4
24 17 26 16 3
20 74 68 82 3
5 34 34 35 2
15 24 19 25 3
1 44 45 35 4
24 77 65 89 2
8 20 19 13 3
23 12 25 18 4
29 144 112 156 12
8 93 45 96 3
10 153 65 104 11
23 40 95 72 4
17 58 40 86 3
11 44 76 35 4
7 40 93 96 2
29 129 108 72 13
1 41 77 87 3
25 103 58 108 5
19 20 25 17 3
27 9 15 22 4
22 158 105 114 12
16 90 71 95 4
14 75 46 42 2
25 89 70 72 2
9 96 59 86 3
6 27 18 29 3
3 160 148 155 12
21 27 22 26 4
6 63 88 38 3
20 26 21 25 3
7 9 18 27 3
16 55 63 56 2
11 28 15 13 2
9 58 82 52 4
18 33 49 88 3
4 51 97 65 3

