3
20
8 167 122 189 149 86 180
5 569 137 533 68 7 144
4 667 300 610 34 52 177
3 211 548 376 109 516 203
0 45 199 177 8 40 32
17 324 823 1006 95 106 216
10 557 140 377 146 12 32
1 417 1043 690 121 192 160
6 366 526 1097 229 292 877
18 230 510 539 55 49 39
14 996 655 1182 962 449 747
15 176 42 73 11 6 11
13 107 70 161 75 62 89
9 53 198 165 28 124 130
2 452 536 227 124 100 63
12 347 370 274 242 278 238
19 321 446 123 254 345 72
16 380 439 357 366 244 185
7 205 37 57 40 9 9
11 1108 608 699 118 55 147
30
1
1
1
1
1
1
1
1
1
1
1
1
1
1
1
1
1
1
1
1
1
1
1
1
1
1
1
1
1
1
60
5 25 15 9 4
16 23 16 13 3
18 17 19 10 3
22 36 85 88 4
4 97 84 74 3
24 98 136 88 9
17 9 15 13 4
14 50 64 45 3
13 21 21 11 2
8 64 75 89 4
1 23 20 18 3
5 21 11 13 4
12 19 25 10 3
19 76 95 43 4
16 47 52 74 4
12 93 73 49 2
9 28 12 12 2
27 42 55 78 4
26 47 75 59 4
29 82 53 50 4
19 64 95 87 4
0 15 17 18 2
14 18 17 29 4
18 46 68 89 3
0 62 94 78 2
7 9 24 10 2
3 66 66 37 3
26 114 73 149 14
4 37 70 79 4
2 11 17 13 3
8 20 20 20 4
23 32 44 37 2
29 76 65 62 4
28 51 64 64 4
7 47 57 82 2
20 35 86 60 2
6 64 87 55 3
11 20 26 23 4
15 95 58 37 3
6 84 93 44 3
11 43 73 72 3
25 26 19 15 2
9 17 10 14 2
17 72 69 39 4
10 68 59 37 4
3 39 91 67 4
24 58 78 40 3
20 13 29 15 3
21 65 48 85 4
1 44 94 71 3
15 57 78 40 4
21 129 116 156 5
13 150 164 81 12
22 81 92 86 4
10 19 19 18 4
27 14 10 25 2
25 84 53 80 4
2 10 10 18 2
23 65 64 99 9
28 146 90 144 14

