3
20
18 661 698 337 94 196 46
14 70 68 194 44 41 129
11 503 926 493 34 188 35
17 659 550 630 63 89 154
1 624 205 1063 390 131 544
19 280 611 606 164 310 345
6 164 36 134 38 3 35
8 108 98 36 8 27 3
15 149 181 537 145 166 375
5 422 241 594 56 40 156
4 32 183 105 26 148 77
13 31 167 111 5 13 22
16 532 468 562 523 259 521
7 378 389 268 307 326 147
3 174 103 104 158 98 57
9 333 362 598 34 80 62
12 332 391 368 285 361 238
10 535 293 569 383 273 416
0 311 479 381 56 47 30
2 470 387 436 79 81 108
30
1
1
1
1
1
1
1
1
1
1
1
1
1
1
1
1
1
1
1
1
1
1
1
1
1
1
1
1
1
1
60
12 76 83 36 3
19 94 85 43 3
8 40 92 57 3
1 86 128 137 13
16 46 37 32 4
22 50 92 59 3
15 59 69 85 2
11 57 89 156 7
11 36 73 95 3
18 97 109 110 6
10 53 66 40 4
5 51 60 91 4
7 17 28 15 4
0 32 36 71 3
3 10 24 22 4
2 35 57 75 4
21 73 40 50 4
28 90 62 49 2
4 50 68 40 3
6 105 146 164 14
21 18 21 26 3
28 60 78 32 4
25 50 74 47 2
27 10 18 18 4
17 83 147 154 11
0 132 95 160 13
8 65 102 56 10
4 93 47 46 4
6 49 60 97 2
9 91 75 65 4
3 45 64 93 3
16 77 87 68 4
20 20 14 22 4
19 65 57 63 3
26 66 37 85 3
23 89 89 37 4
23 42 42 83 3
5 54 93 49 4
20 73 89 69 4
18 77 57 38 4
12 92 76 72 3
26 77 54 81 3
29 57 155 85 12
2 137 66 159 7
14 14 20 27 3
24 79 73 49 3
24 47 36 90 4
13 40 69 93 3
29 83 39 76 4
27 75 89 75 4
15 54 44 93 3
17 47 82 92 4
9 26 27 13 3
10 83 63 125 6
14 9 20 15 3
22 91 56 80 4
1 86 85 77 4
7 125 59 134 9
13 76 78 37 3
25 13 11 28 3

